Seed,Theta,A,Social_Welfare
46,4.0,1,"[17523.25, 26271.125000000004, 24339.925000000003, 29926.175000000003, 28975.525, 27999.025, 27517.625, 26677.049999999996, 26110.550000000003, 30107.2, 29568.725, 29001.725, 28505.225, 27979.65, 27445.175000000003, 26856.45, 26558.625, 26126.050000000003, 29856.925000000003, 29437.15, 28789.225, 28523.35, 28046.100000000002, 27598.025, 27154.850000000002, 26842.975, 26590.975, 26036.85, 29582.125, 29208.975000000002, 28662.525, 28207.975, 27728.700000000004, 27374.075, 27030.625, 26732.9, 26468.025, 26108.649999999994, 29559.525, 29310.125, 28762.775, 28336.45, 28004.975, 27635.775, 27233.5, 26793.075, 26361.675000000003, 26005.350000000006, 29309.0, 28919.825, 28481.200000000004, 27986.0, 27509.1, 27256.425000000003, 26820.275, 26428.275, 26263.55, 26028.375, 29155.899999999998, 28976.5, 28540.925, 28259.575, 27781.875, 27475.0, 27183.375, 26868.375, 26683.550000000003, 26301.6, 25853.050000000003, 28960.525, 28778.375, 28442.75, 28128.875, 27844.775, 27606.775, 27197.725, 26973.275, 26704.9, 26322.65, 26010.35, 29214.350000000002, 28924.15, 28455.825, 27876.225, 27460.975, 27100.925000000003, 26723.75, 26482.025, 26007.15, 29431.050000000003, 29104.199999999997, 28850.4, 28532.9, 27899.4, 27396.65, 26890.5, 26753.324999999997, 26218.5, 29448.100000000002, 29091.775, 28699.324999999997, 28299.65, 27876.825, 27450.725, 27155.15, 26801.875, 26347.775, 26100.399999999994, 29228.95, 28999.425000000003, 28603.025, 28099.25, 27848.15, 27451.85, 27417.3, 26994.825, 26668.300000000003, 26315.600000000002, 25949.299999999996, 29110.85, 28879.4, 28510.550000000003, 28187.875, 27786.725, 27505.375, 27256.425, 26876.85, 26566.025, 26306.575, 26210.15, 29187.4, 28980.225000000002, 28571.175000000003, 28154.450000000004, 28026.2, 27785.375000000004, 27346.975, 27070.25, 26672.825, 26218.049999999996, 29266.1, 29033.525, 28462.8, 27968.175000000003, 27734.574999999997, 27493.300000000003, 26958.925000000003, 26820.275, 26563.65, 26211.949999999997, 29197.0, 28941.275, 28629.1, 28397.65, 27941.3, 27605.3, 27244.125, 26782.125, 26545.925, 26111.699999999997, 29337.225, 29001.45, 28654.5, 28382.175000000003, 28125.550000000003, 27855.600000000002, 27477.6, 27073.175, 26867.475000000002, 26505.95, 25994.725, 29046.05, 28728.000000000004, 28554.925, 28233.825, 27939.375, 27581.475000000002, 27287.25, 26885.2, 26338.975, 25890.300000000003, 29137.274999999998, 28815.85, 28362.324999999997, 28009.050000000003, 27396.550000000003, 27054.449999999997, 26689.425000000003, 26367.875000000004, 26082.9, 29322.324999999997, 28985.425, 28528.275, 28255.05, 27904.15, 27556.625, 27216.45, 26692.575, 26301.15, 26191.975, 29450.700000000004, 28989.15, 28502.65, 28145.875, 27915.324999999997, 27541.05, 27267.825, 26930.475, 26553.15, 26155.399999999994, 29341.300000000003, 29048.65, 28719.65, 28261.600000000002, 27850.975000000002, 27503.350000000002, 27145.775, 27028.925000000003, 26711.325, 26156.525, 29490.775, 29255.375, 29061.975000000002, 28590.600000000002, 28206.5, 27678.800000000003, 27380.85, 27129.300000000003, 26840.725000000002, 26554.85, 26167.475, 29328.65, 29069.65, 28746.525, 28239.25, 27979.35, 27510.575, 27122.75, 26960.850000000002, 26672.824999999997, 26458.425, 26026.35, 29333.050000000003, 29066.6, 28656.875, 28387.375, 28005.875, 27624.375, 27371.925000000003, 26961.75]"
46,4.1,1,"[17623.050000000003, 26207.350000000006, 31428.450000000004, 30483.300000000003, 29728.25, 28711.675000000003, 27973.5, 27347.075, 26716.850000000002, 26020.124999999996, 29919.700000000004, 29533.450000000004, 28956.75, 28355.425000000003, 28097.45, 27560.825000000004, 27237.925000000003, 26571.0, 26131.350000000006, 29755.875, 29423.375, 28982.15, 28569.825, 28241.05, 27738.4, 27571.875, 27228.65, 26822.65, 26475.925000000003, 25931.399999999998, 29103.975, 28761.125, 28428.25, 28075.350000000002, 27626.15, 27463.300000000003, 27202.600000000002, 26817.3, 26445.325000000004, 26159.825, 29492.649999999998, 29137.275, 28817.600000000002, 28417.025, 28116.85, 27682.775, 27368.65, 27129.625, 26856.850000000002, 26440.800000000003, 26066.65000000001, 29263.725000000002, 29000.325, 28718.625000000004, 28384.325, 28041.925000000003, 27733.550000000003, 27418.324999999997, 27071.525, 26811.475000000002, 26741.025, 26458.425000000003, 26318.875, 25925.399999999994, 29467.850000000002, 28866.425000000003, 28540.925000000003, 28162.4, 27932.300000000003, 27298.35, 26911.925000000003, 26697.075, 26278.8, 25922.450000000004, 29232.425000000003, 28964.25, 28442.675, 28115.475000000002, 27811.350000000002, 27435.5, 27053.55, 26738.775, 26472.85, 26000.000000000004, 29497.625, 29210.100000000002, 28848.025, 28511.8, 28167.225000000002, 27769.575000000004, 27373.925000000003, 26892.725000000002, 26546.45, 26128.475000000002, 29511.2, 29124.175000000003, 28659.800000000003, 28362.65, 28030.45, 27814.800000000003, 27506.125, 27063.775, 26798.675000000003, 26585.85, 26309.574999999997, 25837.600000000006, 29136.9, 28710.125, 28226.225000000002, 28062.4, 27731.6, 27308.325, 26940.375, 26542.575, 26175.45, 29347.050000000003, 29018.95, 28668.725000000002, 28280.675000000003, 27928.3, 27528.3, 27243.9, 26864.875, 26534.525, 26188.825000000008, 29524.2, 29276.15, 28970.075, 28624.925, 28086.825, 27817.0, 27502.45, 27109.65, 26825.475000000002, 26446.800000000003, 26058.525, 29216.75, 28988.350000000006, 28696.5, 28425.875, 27980.25, 27704.875, 27363.45, 26937.25, 26560.15, 26163.75, 29296.475, 29070.325, 28679.0, 28154.675, 27898.275, 27395.4, 27047.325000000004, 26779.975, 26299.449999999997, 26066.200000000004, 29190.800000000003, 29199.825, 28897.7, 28407.925, 28134.25, 27917.025, 27464.7, 27308.399999999998, 26993.4, 26647.65, 26444.2, 26202.700000000004, 29232.675000000003, 29032.5, 28634.175000000003, 28072.375, 27729.600000000002, 27479.175000000003, 27162.825, 26792.95, 26365.5, 26042.375, 29232.0, 28807.375, 28588.449999999997, 28354.625, 28040.65, 27854.7, 27330.825, 27163.725, 26991.55, 26680.5, 26288.275, 25926.200000000004, 28867.625, 28661.875, 28219.975, 27881.15, 27489.75, 27219.425000000003, 27053.0, 26835.475000000002, 26535.95, 26291.475, 25940.725000000006, 28933.0, 28680.85, 28384.925, 28015.325, 27705.925000000003, 27464.2, 27364.7, 27087.075, 26717.65, 26540.8, 26244.699999999993, 29499.7, 29146.350000000002, 28746.825, 28421.625, 28029.4, 27580.199999999997, 27352.35, 27213.025, 26969.575, 26503.4, 26124.575, 29383.675000000003, 29208.225000000002, 28692.750000000004, 28316.175, 27849.275, 27476.775, 27364.275, 27024.025, 26581.449999999997, 26196.675000000007, 29346.149999999998, 29046.95, 28669.625, 28219.6, 27791.475, 27315.699999999997, 26997.199999999997, 26617.625, 26427.275, 26168.950000000004, 29253.575, 28861.35, 28491.825, 28132.675000000003, 28103.875, 27667.95, 27380.725]"
46,4.199999999999999,1,"[17532.924999999996, 26488.4, 24505.125, 29989.350000000002, 28998.85, 28327.6, 27640.35, 26982.4, 26228.275000000005, 30324.25, 29749.800000000003, 29357.500000000004, 28961.4, 28416.275, 27855.925000000003, 27301.65, 26998.925000000003, 26560.824999999997, 26314.35, 25702.875, 29416.6, 29084.85, 28744.825000000004, 28278.875, 27915.550000000003, 27508.125, 26967.625, 26656.125, 26300.4, 26007.075, 29539.25, 29310.625, 28786.675000000003, 28368.45, 27885.525, 27335.200000000004, 26831.050000000003, 26370.25, 25779.2, 29277.65, 28887.425000000003, 28521.200000000004, 28102.025, 27848.824999999997, 27645.15, 27369.475, 26994.6, 26713.7, 26203.225, 29833.775, 29250.925, 28891.300000000003, 28650.25, 28283.95, 27874.3, 27432.175000000003, 27081.225, 26705.075, 26434.225000000002, 26050.05, 29344.45, 28988.050000000003, 28686.15, 28379.125, 27942.225, 27676.95, 27379.675, 27152.699999999997, 26802.850000000002, 26391.55, 26029.999999999996, 29514.375, 29212.574999999997, 28816.625, 28427.375, 27878.300000000003, 27449.675000000003, 26959.225, 26513.375, 26216.625000000004, 29547.050000000003, 29211.725, 28767.775, 28422.775, 28052.725000000002, 27630.575, 27404.775, 26978.35, 26723.525, 26345.074999999997, 25889.625000000004, 29180.75, 28919.375, 28612.2, 27972.8, 27849.4, 27503.125, 26999.575, 26655.9, 26256.675000000003, 25848.075, 29300.875, 28962.425000000003, 28568.699999999997, 28314.025, 27905.875, 27515.050000000003, 27020.949999999997, 26665.15, 26497.600000000002, 26175.824999999997, 29326.275, 29163.7, 28838.875, 28514.125, 28098.0, 27712.1, 27430.75, 27149.625, 26886.825, 26706.8, 26380.975000000002, 25958.600000000006, 29029.675000000003, 28972.625, 28527.750000000004, 28097.1, 27796.699999999997, 27534.35, 27092.075, 26657.775, 26231.675, 29393.225, 29196.775, 28823.4, 28494.625, 28390.0, 28009.175, 27756.95, 27305.675000000003, 26961.325, 26519.575, 26054.9, 29179.425, 28865.75, 28555.0, 28287.825000000004, 27946.225, 27630.4, 27324.350000000002, 26977.025, 26574.300000000003, 26294.3, 26040.825, 29179.95, 28988.175, 28857.625, 28466.15, 28104.925000000003, 27952.925000000003, 27569.65, 27110.025, 26938.225, 26784.225000000002, 26486.050000000003, 26235.074999999997, 29456.275, 29151.475000000002, 28786.6, 28602.675000000003, 28213.425, 27811.35, 27366.050000000003, 26875.75, 26523.425000000003, 26170.975000000002, 29447.3, 29170.800000000003, 28861.75, 28546.15, 28305.625, 28021.0, 27614.1, 27178.75, 26866.800000000003, 26420.825, 26144.55, 29367.6, 29035.425000000003, 28664.65, 28443.850000000002, 28050.15, 27928.45, 27717.625, 27355.625, 27140.175, 26856.0, 26282.449999999997, 26123.3, 29390.975, 29050.125, 28678.525, 28329.925, 28070.35, 27588.475, 27198.575, 26951.649999999998, 26534.25, 26066.575, 29038.675000000003, 28986.475, 28622.925000000003, 28362.275, 27963.050000000003, 27648.65, 27329.7, 26906.05, 26584.5, 26165.625000000004, 29254.725, 29036.9, 28721.075, 28360.800000000003, 27877.425000000003, 27613.6, 27191.800000000003, 26945.45, 26730.000000000004, 26326.325, 26062.925000000003, 29295.15, 28920.050000000003, 28721.45, 28499.300000000003, 28103.574999999997, 27850.3, 27676.65, 27350.175, 27228.200000000004, 27022.875, 26761.050000000003, 26456.324999999997, 25978.374999999993, 29305.325, 28941.325, 28493.925000000003, 28027.075, 27714.225000000002, 27254.25, 26892.025]"
46,4.299999999999999,1,"[17431.675, 26098.925, 31412.375, 30406.300000000003, 29839.300000000003, 28997.050000000003, 28560.45, 27804.675000000003, 27337.15, 26707.375, 26167.249999999993, 30066.700000000004, 29600.975000000002, 29062.875, 28702.375, 28156.375, 27461.125, 26817.575, 26466.55, 26105.824999999993, 29763.550000000003, 29476.9, 29101.375, 28508.850000000002, 28161.125, 27662.325, 27288.575, 26938.575, 26534.9, 26006.024999999998, 29554.675000000003, 29046.725, 28488.425, 28178.7, 27721.9, 27371.525, 27025.025, 26685.025, 26396.675, 25913.97499999999, 29277.275, 28826.6, 28421.275, 28080.35, 27591.825000000004, 27222.325, 27006.0, 26880.225000000002, 26385.025, 26058.1, 29456.825, 29130.275, 28761.875, 28427.675, 27984.425, 27684.025, 27358.375, 26817.675, 26674.675000000003, 26440.625, 26153.7, 29657.675, 29189.050000000003, 28960.2, 28471.4, 28197.5, 27959.025, 27465.625, 27058.050000000003, 26543.775, 26152.0, 29421.9, 29337.9, 28724.725, 28303.15, 27925.6, 27582.375, 27364.35, 26858.550000000003, 26574.15, 26157.424999999992, 29375.275, 29072.125, 28644.575000000004, 28213.85, 27946.275, 27671.575, 27302.949999999997, 27076.9, 26637.625, 26077.224999999995, 29280.325, 29022.899999999998, 28667.824999999997, 28254.824999999997, 27678.975, 27365.75, 26871.2, 26730.075, 26393.85, 26112.14999999999, 29362.4, 28926.375, 28579.2, 28079.6, 27677.45, 27161.025, 26926.75, 26715.4, 26402.875, 26020.69999999999, 29111.875, 28780.5, 28623.45, 28132.1, 27818.800000000003, 27536.65, 27209.225000000002, 26810.9, 26487.9, 26168.375, 29277.050000000003, 28997.050000000003, 28790.1, 28318.05, 28020.1, 27778.375, 27470.6, 27238.250000000004, 26858.325, 26497.600000000002, 26210.599999999995, 29399.550000000003, 29118.875, 28811.1, 28316.775, 27948.6, 27619.975, 27249.725, 27005.1, 26770.15, 26381.425000000003, 26077.824999999993, 29058.7, 28773.050000000003, 28332.850000000002, 27903.025, 27426.65, 27190.075000000004, 26784.0, 26413.225, 26288.475, 26013.625000000004, 29220.300000000003, 29033.75, 28804.175000000003, 28366.0, 28028.5, 27732.05, 27321.15, 27048.15, 26823.85, 26453.15, 26206.424999999992, 29111.725, 28870.45, 28485.449999999997, 28215.575, 27822.300000000003, 27658.925, 27222.1, 26947.075, 26661.425000000003, 26253.4, 26006.925, 28997.95, 28784.600000000002, 28513.675000000003, 28272.850000000002, 27955.85, 27747.199999999997, 27464.05, 27096.325, 26679.825, 26390.9, 26288.425, 25754.624999999996, 28930.625, 28735.375, 28377.550000000003, 27953.75, 27629.824999999997, 27311.75, 26850.725000000002, 26519.125, 26184.074999999997, 29314.875, 29218.300000000003, 28828.824999999997, 28371.0, 28079.9, 27871.175, 27339.6, 26882.25, 26455.9, 26156.749999999996, 29314.125, 29101.15, 28843.325, 28586.725, 28354.15, 27893.2, 27501.700000000004, 27140.9, 26785.475, 26443.449999999997, 25984.874999999993, 29206.825, 28786.825, 28360.350000000002, 28114.625, 27746.15, 27616.574999999997, 27238.275, 26856.1, 26662.775, 26516.975, 26172.924999999992, 29529.875, 29231.175000000003, 29059.825, 28540.925000000003, 28133.949999999997, 27688.325, 27337.5, 26751.525, 26541.9, 26056.15, 29261.7, 29163.7, 28923.025, 28534.525, 28383.5, 28035.375, 27816.825, 27566.375, 27383.100000000002, 27152.775, 26748.925, 26553.375]"
46,4.399999999999999,1,"[17417.025, 26219.300000000003, 31728.725000000002, 30838.450000000004, 29950.125, 29257.875, 28714.475, 28086.75, 27466.075, 26831.9, 26143.75, 29919.575, 29401.800000000003, 29095.275, 28760.175000000003, 28194.65, 27624.825, 27229.675000000003, 26875.375, 26495.125, 26024.2, 29764.3, 29234.675, 28865.525, 28183.25, 27673.050000000003, 27283.525, 26830.45, 26695.525, 26275.525, 25875.399999999994, 29475.2, 29024.15, 28798.9, 28508.625, 28141.575000000004, 27821.95, 27563.525, 27103.550000000003, 26793.4, 26502.675000000003, 26155.950000000004, 29561.45, 29323.0, 28965.775, 28508.625, 28098.225, 27826.475, 27337.15, 27004.425, 26588.6, 26405.7, 26069.925000000003, 29305.725000000002, 29068.175000000003, 28646.375, 28379.475000000002, 28130.4, 27773.175000000003, 27369.550000000003, 27121.85, 26757.4, 26295.4, 25992.475000000006, 29065.925, 28971.425000000003, 28543.975, 28165.3, 27752.75, 27470.825, 27110.9, 26627.45, 26285.125, 25939.375, 29202.875, 28792.55, 28404.5, 27991.275, 27744.25, 27412.65, 27033.75, 26617.775, 26216.250000000007, 29378.1, 29090.800000000003, 28740.35, 28474.725000000002, 28061.775, 27688.625, 27441.925, 26926.525, 26470.85, 26079.65, 29404.975, 29075.075, 28869.350000000002, 28673.125, 28286.325000000004, 27928.65, 27607.0, 27410.325, 27038.275, 26806.825, 26332.7, 25910.399999999994, 29017.3, 28762.475, 28443.9, 28146.925000000003, 27834.75, 27317.275, 26897.199999999997, 26586.95, 26405.925, 26077.425000000003, 29155.65, 28985.425, 28534.149999999998, 28403.700000000004, 27995.225, 27790.275, 27593.45, 27318.075000000004, 27143.25, 26961.1, 26710.15, 26320.975, 26238.675000000003, 29336.625, 28979.475, 28595.450000000004, 28347.975, 28089.575, 27754.4, 27530.4, 27120.675, 26774.925000000003, 26322.9, 25908.325000000004, 29065.475000000002, 28752.4, 28296.375, 28070.350000000002, 27731.975, 27532.475, 27101.075, 27034.125, 26852.8, 26453.575000000004, 26237.25, 29366.925, 29054.3, 28769.9, 28306.875, 27912.700000000004, 27725.425, 27109.35, 26837.25, 26393.2, 26262.300000000003, 26119.925000000003, 29528.475, 29267.6, 28823.9, 28648.175000000003, 28284.85, 27882.35, 27673.475, 27303.075000000004, 26969.375, 26594.350000000002, 26342.125, 26001.500000000004, 29211.225, 28851.4, 28476.45, 27950.1, 27496.675, 27335.225, 27061.025, 26767.775, 26494.55, 26294.375, 25923.824999999997, 29120.45, 28907.850000000002, 28472.275, 28007.8, 27627.875, 27262.525, 26743.175, 26572.800000000003, 26268.75, 25977.725, 28979.700000000004, 28767.225, 28433.775, 28191.824999999997, 27787.4, 27467.1, 27304.4, 26818.5, 26532.25, 26160.799999999996, 29313.800000000003, 29042.05, 28749.975000000002, 28303.25, 28050.050000000003, 27507.399999999998, 27212.075000000004, 26735.925, 26456.375, 26119.725000000006, 29310.975, 29260.925000000003, 28818.65, 28483.074999999997, 27983.025, 27657.525, 27324.5, 26964.899999999998, 26513.475, 26262.9, 25988.175, 29239.75, 29040.975, 28731.85, 28345.825, 27995.525, 27861.775, 27396.5, 27050.45, 26456.475000000002, 26056.975000000002, 29236.175, 28811.55, 28510.1, 28076.775, 27871.85, 27379.675000000003, 27099.15, 26844.325, 26542.075, 25885.549999999992, 29163.35, 28919.699999999997, 28415.699999999997, 28057.35, 27606.075]"
46,4.499999999999998,1,"[17605.525, 26123.775, 31594.625, 30673.225000000002, 29939.675000000003, 29129.600000000002, 28513.375, 28012.074999999997, 27211.925, 26347.850000000002, 25865.375, 29678.300000000003, 29353.375, 28775.65, 28380.0, 27852.200000000004, 27238.199999999997, 26709.600000000002, 26265.475, 25817.125, 29299.1, 28853.5, 28601.2, 28103.375, 27619.475, 27366.725, 26950.075, 26733.075, 26498.800000000003, 26194.975000000006, 29708.675, 29202.875, 28852.350000000002, 28493.65, 28060.100000000002, 27867.675000000003, 27625.95, 27376.550000000003, 26970.55, 26698.0, 26269.425000000003, 25945.550000000003, 29363.575, 28948.625, 28727.45, 28247.95, 27754.45, 27530.0, 27201.0, 26865.375000000004, 26479.7, 26170.75, 29482.075, 29080.825, 28769.324999999997, 28290.95, 27849.725, 27558.775, 27294.925, 26954.300000000003, 26527.300000000003, 26398.25, 26086.52500000001, 29363.649999999998, 29107.700000000004, 28883.025, 28655.525, 28319.525, 27923.575, 27382.425000000003, 26977.1, 26551.225000000002, 26127.274999999994, 29429.35, 29231.550000000003, 28879.4, 28471.825, 28093.6, 27630.125, 27256.075000000004, 26829.75, 26554.15, 26136.52500000001, 29381.025, 29066.15, 28746.75, 28420.8, 27965.575, 27623.025, 27120.15, 27021.25, 26635.800000000003, 26289.300000000003, 25889.275, 29084.775, 28892.949999999997, 28601.775, 28159.2, 27864.525, 27411.550000000003, 26914.775, 26593.9, 26313.449999999997, 26086.625, 29369.4, 29091.775, 28750.25, 28208.2, 27878.975, 27738.074999999997, 27229.9, 26982.075, 26634.55, 26276.199999999997, 25887.02500000001, 29184.800000000003, 28891.6, 28618.375000000004, 28309.475000000002, 27867.8, 27220.075000000004, 27010.3, 26764.85, 26500.199999999997, 26258.925000000003, 25804.825000000004, 29218.0, 28900.75, 28412.550000000003, 28033.875, 27570.75, 27184.4, 26679.375, 26298.1, 25937.600000000006, 29200.274999999998, 28777.45, 28457.825, 28031.050000000003, 27656.550000000003, 27239.6, 26792.775, 26601.85, 26196.725000000006, 29413.9, 29154.675000000003, 28803.850000000002, 28408.350000000002, 27994.100000000002, 27709.125, 27155.525, 26672.0, 26527.825000000004, 26229.725000000006, 29356.2, 28990.275, 28546.675000000003, 28314.2, 28093.25, 27923.675, 27510.9, 27132.0, 26806.275, 26515.1, 26170.75, 29445.175000000003, 29127.125, 28791.575, 28480.300000000003, 28046.300000000003, 27843.975, 27344.275, 26802.0, 26419.825, 26052.775, 29324.25, 28893.525, 28707.125, 28376.775, 27961.4, 27621.449999999997, 27132.350000000002, 26679.950000000004, 26200.450000000004, 29527.7, 29105.325, 28995.475, 28466.975000000002, 28041.675, 27775.9, 27394.625, 27185.525, 26861.6, 26647.65, 26218.5, 29382.95, 28943.65, 28844.525, 28439.2, 28280.575, 27824.1, 27387.850000000002, 26902.25, 26455.825, 25865.0, 29263.275, 28866.425000000003, 28339.725, 28001.25, 27506.4, 26994.600000000002, 26701.050000000003, 26298.1, 25940.425000000003, 29060.950000000004, 28861.9, 28604.025, 28145.525, 27884.05, 27572.325, 27288.825, 27008.600000000002, 26692.025, 26323.625, 25914.800000000003, 29292.175, 28907.4, 28278.074999999997, 27940.05, 27569.95, 27240.725, 26958.125, 26611.4, 26250.225000000002, 25974.399999999994, 29285.4, 29225.9, 28870.25, 28444.725, 27923.800000000003, 27570.975, 27311.75, 26923.475, 26561.5, 26318.425000000003, 25987.27500000001, 29476.199999999997, 28895.2, 28455.225, 28193.625]"
46,4.599999999999998,1,"[17320.025, 26208.9, 31581.850000000002, 30744.975, 30125.925000000003, 29358.825, 28754.125, 28152.0, 27583.5, 27193.65, 26654.200000000004, 26333.775, 25833.84999999999, 29694.0, 29223.35, 28636.25, 28078.050000000003, 27650.0, 27251.125, 26940.75, 26409.35, 26120.950000000004, 29842.35, 29525.475000000002, 29039.875, 28640.875, 28236.65, 27718.125, 27322.250000000004, 26802.4, 26436.7, 26037.774999999987, 29365.449999999997, 29190.675000000003, 28641.775, 28240.475, 27795.525, 27358.925000000003, 27196.35, 27165.300000000003, 26718.1, 26266.600000000002, 25894.699999999997, 29207.2, 29010.75, 28692.175000000003, 28203.15, 27822.7, 27427.35, 26971.9, 26700.925000000003, 26368.200000000004, 26051.174999999996, 29410.050000000003, 29217.775, 28868.0, 28637.225000000002, 28333.975, 28014.800000000003, 27525.475, 27339.300000000003, 26832.925000000003, 26586.350000000002, 26191.97499999999, 29653.25, 29279.65, 28886.525, 28321.675000000003, 27962.525, 27806.15, 27297.975, 26944.475, 26593.575, 26243.57499999999, 29653.700000000004, 29489.65, 28915.2, 28664.9, 28249.300000000003, 27690.875, 27437.525, 27103.450000000004, 26831.800000000003, 26337.7, 26126.44999999999, 29383.7, 28874.475, 28341.875, 28109.75, 27706.45, 27442.825, 26944.475, 26487.550000000003, 26399.6, 25978.924999999996, 29244.65, 28858.55, 28437.125, 27915.175, 27409.675000000003, 27067.35, 26784.525, 26427.375, 26162.72499999999, 29482.35, 29367.525, 28914.15, 28581.8, 28050.7, 27801.600000000002, 27532.4, 27255.0, 26846.25, 26688.300000000003, 26346.199999999997, 26138.72499999999, 29415.425, 29025.875000000004, 28638.475, 28253.025, 28026.65, 27644.25, 27220.75, 26783.25, 26334.575, 26128.749999999993, 29308.550000000003, 28874.325000000004, 28535.85, 28395.050000000003, 28245.675000000003, 27840.025, 27530.1, 27205.725, 26785.275, 26510.25, 26270.0, 25978.475, 29414.0, 28874.325, 28441.8, 28000.575, 27456.375, 27249.875, 26751.75, 26479.2, 26045.649999999994, 29268.925, 28907.975, 28583.6, 28288.025, 28023.825, 27775.775, 27673.825, 27302.15, 26887.35, 26488.0, 26161.374999999993, 29449.675000000003, 29059.15, 28690.4, 28293.324999999997, 27871.625, 27358.025, 27043.475, 26689.525, 26331.4, 25961.074999999997, 29282.125, 28888.775, 28533.125, 28117.300000000003, 27840.925, 27437.975, 27019.325, 26848.95, 26500.875, 26275.625, 25934.774999999994, 29163.125, 28843.050000000003, 28451.275, 28145.425000000003, 27901.1, 27595.025, 27351.725000000002, 26850.2, 26548.525, 26210.5, 29278.75, 29105.1, 28758.825, 28510.325, 28089.425000000003, 27636.449999999997, 27218.15, 26852.675000000003, 26533.625, 26158.32499999999, 29348.625, 28956.625, 28586.425000000003, 28298.075000000004, 27888.125, 27560.825, 27160.125, 26696.9, 26226.874999999993, 29297.950000000004, 29181.875, 28694.475, 28341.65, 27944.675, 27643.45, 27431.424999999996, 27064.5, 26554.85, 26447.025, 26168.149999999994, 29524.875, 29185.600000000002, 28762.100000000002, 28337.925, 28121.600000000002, 27745.300000000003, 27433.125, 27103.225000000002, 26629.825, 26287.5, 25874.72499999999, 29323.8, 28864.85, 28184.375, 27678.800000000003, 27379.95, 27080.75, 26906.325, 26270.225000000002, 25928.699999999997, 29387.7, 29131.525, 28593.2, 28256.525, 27884.625, 27525.025, 27128.85, 26598.875, 26230.47499999999, 29735.100000000002, 29159.75]"
46,4.6999999999999975,1,"[17399.175, 25969.424999999996, 31322.275, 30655.25, 29879.050000000003, 29117.15, 28465.425000000003, 27893.375, 27246.15, 26976.875, 26297.075, 25743.475, 29651.800000000003, 29242.0, 28773.0, 28375.475, 27914.725, 27123.275, 26695.000000000004, 26280.075, 25888.300000000003, 29716.875, 29307.5, 28780.775, 28433.100000000002, 27836.75, 27322.85, 27103.100000000002, 26648.4, 26385.525, 25878.15, 29327.6, 28986.75, 28621.725000000002, 27994.475, 27519.95, 27033.4, 26479.050000000003, 26088.825000000004, 29653.025, 29238.925000000003, 28492.525, 28082.5, 27771.0, 27429.05, 27297.625, 26911.600000000002, 26470.300000000003, 26052.499999999993, 29390.85, 29071.800000000003, 28661.4, 28104.1, 27933.95, 27655.875, 27343.475, 26939.5, 26707.050000000003, 26325.325, 25864.225, 29160.2, 28833.35, 28559.1, 28140.0, 27954.275, 27673.15, 27187.449999999997, 27070.25, 26741.7, 26429.2, 26224.424999999996, 29435.875, 29090.5, 28810.500000000004, 28554.1, 28348.125, 28199.625, 28059.625, 27849.925000000003, 27479.825, 27190.600000000002, 26854.0, 26597.25, 26229.124999999993, 29374.525, 29172.800000000003, 28994.075, 28515.100000000002, 28184.375, 27915.625, 27609.1, 27264.4, 26781.4, 26561.875, 26149.975, 29260.0, 29138.524999999998, 28810.5, 28515.475000000002, 28204.125, 27882.65, 27511.050000000003, 27151.65, 26863.975, 26564.1, 26458.875, 26162.174999999996, 29324.475, 28966.05, 28529.0, 28162.25, 27849.925, 27497.7, 27248.375000000004, 27027.5, 26829.5, 26499.425, 26271.925, 25956.32499999999, 29115.725, 28719.25, 28420.199999999997, 27969.0, 27741.199999999997, 27386.875, 27035.625, 26721.075, 26492.6, 26013.774999999994, 29297.375, 28932.25, 28668.350000000002, 28418.5, 28031.05, 27729.225000000002, 27435.800000000003, 27150.0, 26972.025, 26555.4, 26156.299999999996, 29400.800000000003, 29147.775, 28933.850000000002, 28502.675, 28137.1, 27716.725, 27103.625, 26790.775, 26496.025, 26051.074999999997, 29314.800000000003, 29147.550000000003, 28724.85, 28586.65, 28010.350000000002, 27621.475000000002, 27272.425000000003, 27007.850000000002, 26633.45, 26395.525, 25932.025, 29213.7, 29090.700000000004, 28495.175000000003, 28208.775, 27763.7, 27448.775, 27118.0, 26799.5, 26494.1, 26101.649999999994, 29468.875, 29023.35, 28618.475, 28307.325, 27925.975000000002, 27733.475000000002, 27214.875, 26934.2, 26604.75, 26377.475000000002, 26055.924999999996, 29392.550000000003, 28933.375, 28649.2, 28391.1, 27933.05, 27576.275, 27124.925, 26775.875, 26316.575, 25962.399999999994, 29219.35, 28764.95, 28381.65, 28124.6, 27773.85, 27441.875000000004, 27088.15, 26836.95, 26635.675, 26344.275, 26012.449999999997, 29471.725, 29162.15, 28845.65, 28491.025, 28063.225, 27619.975, 27131.625, 26782.525, 26474.824999999997, 26259.225, 25764.824999999997, 29007.100000000002, 28558.425000000003, 28309.475, 28076.550000000003, 27638.6, 27372.75, 27062.05, 26745.875, 26312.550000000003, 26110.225, 29220.025, 29144.949999999997, 28642.075, 28388.05, 27985.775, 27472.975, 27249.65, 26899.875, 26562.175, 26321.775, 26029.199999999997, 29236.925000000003, 29110.925000000003, 28730.100000000002, 28291.25, 28005.800000000003, 27604.350000000002, 27134.0, 26873.6, 26362.45, 25910.049999999996, 29019.625, 28784.449999999997, 28232.350000000002, 27741.45, 27341.1]"
46,4.799999999999997,1,"[17778.574999999997, 26328.2, 24696.875000000007, 30261.775, 29100.800000000003, 28268.025, 27534.825, 26905.05, 26132.450000000004, 30150.225, 29478.225, 28782.525, 28157.05, 27752.3, 27272.575000000004, 26854.725000000002, 26299.35, 25802.800000000003, 29761.975, 29324.8, 28907.050000000003, 28359.925000000003, 27688.725, 27110.550000000003, 26735.225000000002, 26429.824999999997, 26047.649999999994, 29612.0, 29229.15, 28783.75, 28280.5, 27852.774999999998, 27428.824999999997, 27087.300000000003, 26726.575, 26321.7, 26010.875, 29585.050000000003, 29324.175000000003, 28801.85, 28464.525, 28191.6, 27909.0, 27607.25, 27307.675000000003, 27056.475, 26685.475000000002, 26213.875, 29569.250000000004, 29124.75, 28694.175, 28147.725000000002, 27831.375, 27398.5, 27023.025, 26810.949999999997, 26501.825, 25947.875, 29255.525, 29066.600000000002, 28721.725, 28354.675000000003, 28024.775, 27860.050000000003, 27509.075, 27325.225, 27071.0, 26549.775, 26122.775, 29131.675000000003, 28937.075, 28601.975, 28110.25, 27856.175000000003, 27605.075, 27293.35, 27209.350000000002, 26919.45, 26810.65, 26329.425000000003, 26032.674999999996, 29177.7, 28964.875, 28687.7, 28217.05, 27785.525, 27478.575, 26948.275, 26719.225, 26276.65, 25869.149999999994, 29122.225, 28919.225, 28517.175000000003, 28074.75, 27675.525, 27130.425000000003, 26657.575, 26368.550000000003, 26034.925000000003, 29268.475000000002, 28955.95, 28639.600000000002, 28350.45, 27866.324999999997, 27629.45, 27197.375, 26829.425000000003, 26767.100000000002, 26225.85, 29602.325, 29201.75, 28855.025, 28223.425000000003, 27620.975, 27336.575, 26976.300000000003, 26593.225000000002, 26307.25, 25994.5, 29219.125, 28804.875, 28534.475000000002, 28262.95, 27911.25, 27632.275, 27406.125, 26950.9, 26638.275, 26420.375, 26134.725000000006, 29327.85, 29030.800000000003, 28476.45, 28195.550000000003, 27787.975000000002, 27471.275, 27062.8, 26749.825, 26392.15, 26097.475000000006, 29481.975, 29177.25, 28781.975, 28421.475, 28120.700000000004, 27664.35, 27464.625, 27208.9, 26979.7, 26547.275, 26302.050000000003, 25860.375, 29179.725, 28823.025, 28525.3, 28208.075, 27860.9, 27564.95, 27207.725, 27083.875, 26555.675, 26302.775, 25968.800000000003, 29281.15, 29014.175000000003, 28667.449999999997, 28277.324999999997, 27905.5, 27401.275, 27106.375000000004, 26680.275, 26387.075, 25985.475, 29459.950000000004, 29093.7, 28898.6, 28667.375, 28317.375, 27948.075000000004, 27606.65, 27244.574999999997, 26861.5, 26507.775, 26211.025, 29513.100000000002, 29174.725, 28714.975000000002, 28284.550000000003, 27926.800000000003, 27543.425, 27203.475, 26740.275, 26366.9, 25934.700000000004, 29190.15, 28857.275, 28710.274999999998, 28301.675, 27904.525, 27680.75, 27345.625, 26996.975, 26622.25, 26140.15, 29225.225, 28783.775, 28626.5, 28373.6, 28023.525, 27609.475000000002, 27236.675000000003, 26813.850000000002, 26462.725, 26193.9, 29454.425000000003, 29062.200000000004, 28659.475000000002, 28465.85, 28238.225, 27902.225000000002, 27451.075, 27099.6, 26994.375, 26671.475, 26197.85, 29406.100000000002, 29241.375, 28742.600000000002, 28415.0, 28122.725, 27874.9, 27618.949999999997, 27229.2, 27024.625, 26936.600000000002, 26538.125, 26225.725, 29527.575, 29144.875000000004, 28709.075, 28369.575, 27969.525, 27640.300000000003, 26972.85, 26626.2, 26124.9, 29461.3, 29117.175, 28886.625]"
46,4.899999999999997,1,"[17423.824999999997, 26073.574999999997, 31492.550000000003, 30473.6, 29714.4, 29104.425000000003, 28394.075, 27591.324999999997, 27212.2, 26687.95, 26194.675000000003, 29940.65, 29471.25, 28993.700000000004, 28453.300000000003, 27873.9, 27328.125, 26844.6, 26651.200000000004, 26277.675000000003, 25659.0, 29258.35, 28961.825, 28584.725000000002, 27974.524999999998, 27562.65, 27221.875, 26976.050000000003, 26377.4, 26049.300000000003, 29696.075, 29127.725, 28775.125, 28416.875, 28024.425000000003, 27709.875, 27379.975, 26855.425000000003, 26517.925000000003, 26181.699999999997, 29636.425, 29280.699999999997, 28991.825, 28516.95, 28404.575, 28057.699999999997, 27773.975000000002, 27506.050000000003, 26976.875, 26675.65, 26310.975, 25859.475, 29342.875, 28958.550000000003, 28626.95, 28127.699999999997, 27862.75, 27389.225, 27148.3, 26668.2, 26466.45, 26284.325000000004, 25763.175000000003, 28949.525, 28727.775, 28345.975, 27943.775, 27837.65, 27463.15, 27184.5, 26997.425000000003, 26446.575, 26084.949999999997, 29307.200000000004, 28961.15, 28615.1, 28338.3, 28032.45, 27626.3, 27057.35, 26754.725, 26512.625, 26146.624999999993, 29105.175, 28942.55, 28684.425000000003, 28164.05, 27764.600000000006, 27476.325, 27249.725, 26900.975, 26539.35, 26368.525, 25950.6, 29247.7, 28990.050000000003, 28581.45, 28280.0, 27959.125, 27737.275, 27300.800000000003, 27091.775, 26605.05, 26118.100000000006, 29318.45, 29080.0, 28755.4, 28471.0, 28175.800000000003, 27754.025, 27438.575, 27173.325, 26959.074999999997, 26753.825, 26455.95, 26134.775, 29237.5, 28903.125, 28521.275, 28078.5, 27944.225, 27665.475, 27392.425, 26851.25, 26642.574999999997, 26273.975, 25997.775, 29122.6, 28918.925, 28631.025, 28389.225, 27955.675, 27657.5, 27013.65, 26798.3, 26490.75, 26015.65, 29049.85, 28811.025, 28546.949999999997, 28039.225, 27640.225, 27215.25, 26916.325000000004, 26669.9, 26381.875, 26163.300000000003, 29273.325, 28822.95, 28645.125, 28521.725, 28126.0, 27816.65, 27338.275, 26919.3, 26754.15, 26523.0, 26186.100000000006, 29249.275, 28950.425000000003, 28467.875, 28163.6, 27779.500000000004, 27415.5, 27149.05, 26628.225, 26254.625, 26064.5, 29187.475, 28776.625, 28504.0, 28084.45, 27903.050000000003, 27490.4, 27185.825, 26891.824999999997, 26791.3, 26572.375, 26334.75, 26016.700000000004, 29165.95, 29009.574999999997, 28582.35, 28321.775, 28021.675000000003, 27681.725, 27443.275, 27427.925000000003, 27097.800000000003, 26793.075, 26643.7, 26342.25, 26239.050000000003, 29414.450000000004, 29108.6, 28812.9, 28326.625, 27947.125, 27637.2, 27338.125, 26871.800000000003, 26611.975000000002, 26453.0, 25877.425000000003, 29124.325, 28835.4, 28490.6, 28054.95, 27594.15, 27330.9, 27016.275, 26594.25, 26375.175000000003, 26011.77500000001, 29028.425, 28639.625, 28334.0, 28033.075, 27636.0, 27296.5, 27037.95, 26778.375, 26539.025, 26473.875, 26129.525, 29283.025, 29164.925, 28723.699999999997, 28294.1, 27947.375, 27673.175000000003, 27175.95, 26985.825, 26725.775, 26393.05, 25930.825000000004, 29133.7, 28821.300000000003, 28350.375, 28032.85, 27760.075, 27546.350000000002, 27128.050000000003, 27030.275, 26727.050000000003, 26455.075, 26241.424999999996, 29277.5, 28989.975, 28803.65]"
46,4.9999999999999964,1,"[17360.374999999996, 26301.925, 24565.975, 29876.075, 29139.3, 28324.975, 27516.4, 26629.625, 25765.575000000004, 29933.875, 29341.475000000002, 28833.525, 28323.550000000003, 27736.0, 27363.000000000004, 26605.649999999998, 25929.925000000003, 29743.375, 29293.050000000003, 28791.225, 28232.25, 27812.925000000003, 27327.1, 26911.5, 26446.575, 26141.100000000006, 29650.2, 29307.425000000003, 28853.100000000002, 28506.375, 28069.975, 27590.625, 27215.450000000004, 26873.05, 26393.175000000003, 25992.100000000006, 29268.925, 28868.95, 28567.5, 28166.274999999998, 27938.625, 27484.675000000003, 27155.074999999997, 26783.175, 26431.85, 25959.050000000003, 29445.875, 29004.050000000003, 28654.050000000003, 28420.0, 27905.275, 27434.7, 27265.725, 26773.65, 26383.575000000004, 26081.475000000006, 29590.1, 29218.525, 28748.4, 28346.725000000002, 28149.550000000003, 27609.65, 27314.0, 27156.95, 26670.975000000002, 26408.475, 26139.575000000004, 29348.4, 29078.225, 28625.375, 28405.4, 27871.775, 27538.825, 27219.2, 26876.35, 26505.425000000003, 26000.750000000007, 29556.525, 29315.4, 28813.925, 28462.575, 28239.025, 27936.225, 27512.375, 26980.15, 26627.325000000004, 26291.55, 25816.225000000006, 29345.35, 28802.175, 28439.075, 28033.65, 27644.925, 27304.4, 26903.25, 26428.95, 25999.925000000003, 29386.225000000002, 28881.550000000003, 28645.699999999997, 28235.300000000003, 27921.65, 27528.975, 27221.200000000004, 26813.275, 26435.275, 26130.32500000001, 29645.9, 29357.325, 29114.925000000003, 28538.550000000003, 28216.550000000003, 27827.825, 27566.675000000003, 27179.075, 26910.025, 26350.025, 25820.850000000006, 29342.525, 28917.0, 28476.9, 28007.9, 27692.9, 27296.95, 27019.775, 26564.324999999997, 26199.42500000001, 29390.175000000003, 29054.85, 28697.625, 28385.0, 28024.95, 27658.575, 27332.625, 26967.95, 26627.325, 26397.800000000003, 25763.5, 29102.95, 28752.275, 28387.95, 28097.675, 27628.55, 27258.675000000003, 26856.525, 26483.375, 26064.050000000003, 29309.45, 28977.975, 28821.95, 28308.575, 28001.925000000003, 27778.6, 27484.15, 27219.4, 27111.125, 26816.0, 26525.275, 26188.700000000004, 29444.825, 29277.85, 28871.850000000002, 28541.5, 28039.525, 27938.25, 27617.275, 27327.675, 26935.225000000002, 26669.0, 26352.875, 25980.175000000003, 29338.025, 28862.025, 28489.175000000003, 28102.774999999998, 27750.6, 27410.3, 27007.575, 26681.975, 26214.000000000007, 29458.075, 29230.275, 28911.025, 28549.4, 27990.075, 27638.375, 27414.15, 27130.425, 26663.2, 26396.75, 26154.750000000007, 29395.475, 29008.225, 28853.775, 28449.7, 28148.475000000006, 27826.025, 27312.200000000004, 27117.1, 26545.925, 26217.600000000006, 29382.050000000003, 29028.325000000004, 28654.5, 28235.625, 27792.825, 27477.375, 27037.5, 26624.5, 26207.550000000003, 29397.850000000002, 29025.6, 28798.9, 28445.625, 28270.525, 27886.65, 27662.075, 27192.4, 27051.95, 26710.875, 26217.15, 29379.675000000003, 29268.25, 28984.975, 28661.275, 28377.1, 27921.525, 27827.024999999998, 27356.9, 27067.075, 26616.15, 26256.325, 26090.25, 29191.575, 28902.550000000003, 28348.425, 28097.675000000003, 27952.025, 27276.975, 27114.4, 26786.75, 26549.875, 26355.675, 26108.300000000003, 29442.675, 29272.3, 28862.125, 28652.800000000003, 28276.949999999997, 27961.5]"
