Seed,Theta,A,Payoff
35,4.0,1,"[37294.274999999994, 25995.074999999997, 23992.7, 22282.775, 20933.425, 20074.275, 19431.375, 18394.125, 17859.075, 36616.275, 21960.7, 21804.225, 21148.975, 20523.225, 20191.175000000003, 19646.75, 19065.225000000002, 18631.15, 18319.800000000003, 17757.200000000004, 17561.05, 37061.625, 21797.975, 21614.2, 21253.350000000002, 20752.175, 20408.725, 20032.525, 19639.175000000003, 19159.5, 18830.425000000003, 18672.65, 18289.5, 17865.775, 17717.2, 37206.45, 21548.075, 21474.8, 20958.125, 20678.350000000002, 20449.075, 20116.875, 19711.025, 19594.25, 19355.800000000003, 19073.175000000003, 18937.875, 18490.550000000003, 18259.55, 18058.85, 17621.950000000004, 36828.675, 21497.0, 21488.875, 20970.8, 20672.85, 20503.725000000002, 19860.85, 19579.15, 18965.6, 18607.175, 17971.275, 37479.600000000006, 21502.775, 21294.574999999997, 21092.275, 20959.574999999997, 20583.5, 20166.1, 19746.025, 19301.75, 19192.0, 18717.1, 18258.725, 17823.15, 37343.7, 21694.825, 21534.95, 21215.425000000003, 20802.550000000003, 20383.45, 20114.85, 19663.525, 19252.9, 18857.699999999997, 18313.875, 18256.0, 18200.375, 17938.675000000003, 37139.775, 21222.875, 21136.325, 20430.175, 20062.375, 19462.15, 19014.800000000003, 18709.775, 18353.45, 17965.850000000002, 17604.45, 37367.100000000006, 21471.275, 21165.075, 21060.3, 20808.975000000002, 20665.7, 20504.7, 20283.175000000003, 20063.825, 19789.475, 19618.725, 19379.7, 19023.5, 18821.775, 18463.2, 18129.0, 17747.275, 37137.075, 21456.925000000003, 21097.0, 20743.15, 20420.25, 20069.0, 19857.2, 19713.25, 19322.95, 19242.225, 18964.15, 18760.925000000003, 18429.1, 18061.824999999997, 17687.2, 37083.525, 21403.975000000002, 21320.875, 20852.675000000003, 20635.9, 20255.075, 19840.825, 19429.75, 19194.125, 18974.75, 18601.375, 18348.8, 17996.324999999997, 17878.575, 17590.9, 37220.55, 21531.925000000003, 21430.275, 20912.2, 20566.525, 20232.1, 20122.9, 19590.0, 19323.55, 19054.125, 18827.075, 18642.7, 18495.85, 18244.825, 17922.725000000002, 17563.275, 37150.875, 21131.425000000003, 21150.55, 20986.575, 20872.575, 20462.925, 20219.05, 19860.275, 19500.600000000002, 19215.975000000002, 18976.85, 18555.275, 18301.2, 18272.925000000003, 18013.25, 17667.100000000002, 37178.174999999996, 21334.074999999997, 21220.6, 20648.075, 20377.450000000004, 20258.675, 19942.775, 19749.825, 19439.45, 19155.050000000003, 18933.425, 18481.475, 18418.025, 18149.1, 17720.175000000003, 37435.5, 21287.8, 21231.125, 20922.9, 20573.125, 20324.175000000003, 19965.025, 19531.25, 19030.075, 18663.025, 18375.575000000004, 18243.625, 18011.5, 17788.100000000002, 37391.55, 21498.4, 21335.475, 21131.800000000003, 20790.300000000003, 20419.375, 19879.375, 19154.5, 18943.925, 18692.05, 18394.45, 18177.1, 17980.875, 17658.2, 17546.200000000004, 36976.875, 21389.425, 21265.45, 20803.0, 20532.025, 19892.775, 19486.550000000003, 19291.45, 18919.175, 18723.725, 18577.025, 18214.375, 17860.2, 37475.925, 21660.375, 21351.925000000003, 20984.325, 20744.050000000003, 20535.75, 20266.375, 19965.600000000002, 19586.775, 19295.6, 18798.25, 18342.275, 18251.95, 17648.375]"
35,4.1,1,"[37819.875, 26110.050000000003, 24128.925, 22675.725000000002, 21562.350000000002, 20636.5, 19707.9, 19092.875, 18485.050000000003, 17961.25, 17503.65, 36927.65, 21859.600000000002, 21482.025, 21007.675000000003, 20534.824999999997, 20018.4, 19432.325, 18984.100000000002, 18673.725, 18403.700000000004, 17873.475, 37724.825, 21716.375, 21693.675000000003, 21345.949999999997, 20853.025, 20717.350000000002, 20088.324999999997, 19857.025, 19516.425000000003, 19219.225, 19050.025, 18616.699999999997, 18333.65, 17978.05, 17774.025, 17589.35, 37689.0, 21473.4, 21122.050000000003, 20945.25, 20823.1, 20422.85, 19959.375, 19686.05, 19343.725, 19111.25, 18810.825, 18487.8, 18270.125, 17938.975, 17607.824999999997, 17602.175000000003, 37658.899999999994, 21499.250000000004, 21491.575000000004, 21177.025, 20909.9, 20360.175000000003, 20111.0, 19719.800000000003, 19601.475000000002, 19326.1, 19006.025, 18777.050000000003, 18467.125, 18249.9, 17899.675000000003, 17768.375, 37398.7, 21241.050000000003, 21028.800000000003, 20771.6, 20510.0, 20451.75, 20256.875, 20028.475, 19711.675000000003, 19220.2, 19000.824999999997, 18736.300000000003, 18304.55, 17990.225000000002, 17561.875, 37277.55, 21031.5, 20878.625, 20356.9, 19847.375, 19603.050000000003, 19117.449999999997, 19181.925, 18691.125, 18325.850000000002, 17942.850000000002, 17617.35, 37654.25, 21319.975000000002, 21242.525, 20951.9, 20594.975, 20478.3, 20130.675000000003, 19866.9, 19698.600000000006, 19444.35, 18967.225, 18653.8, 18340.350000000002, 18021.5, 17839.275, 37608.799999999996, 21358.25, 21033.775, 20776.25, 20496.35, 20139.35, 19659.625, 19177.975000000002, 18791.050000000003, 18456.025, 18144.975, 17770.625, 17519.725, 37126.299999999996, 21209.625, 20819.725, 20543.6, 20208.574999999997, 19866.375, 19406.9, 19143.0, 18700.2, 18386.925000000003, 18318.800000000003, 17941.15, 17714.1, 17576.875, 37744.899999999994, 21627.425000000003, 21363.125, 20949.45, 20649.275, 20269.025, 19899.2, 19691.949999999997, 19497.5, 19148.9, 18945.025, 18543.625, 18379.574999999997, 17937.85, 37915.275, 21430.95, 21213.949999999997, 20830.425000000003, 20433.725000000002, 20168.025, 19720.825, 19387.075, 19113.525, 18869.65, 18443.325000000004, 18112.9, 17970.375, 17773.5, 37610.075, 21520.449999999997, 21285.850000000002, 20827.8, 20408.7, 20164.525, 19701.85, 19281.850000000002, 18904.525, 18725.800000000003, 18454.95, 17908.95, 37943.2, 21515.775, 21604.4, 21350.825, 21144.100000000002, 20903.475, 20431.025, 20275.175000000003, 19885.65, 19430.800000000003, 19224.6, 18837.125, 18411.525, 18097.875, 18103.3, 17841.175, 37978.875, 21554.625, 21646.325000000004, 21226.775, 20948.4, 20563.525, 20509.0, 20068.125, 19792.85, 19651.825, 19348.0, 19423.425000000003, 19142.975, 19147.15, 18638.525, 18340.575000000004, 17985.275, 17741.175, 37846.425, 21431.4, 21300.2, 21101.5, 20992.550000000003, 20640.525, 20297.300000000003, 20131.675, 19711.1, 19633.65, 19336.600000000002, 19074.675000000003, 18760.800000000003, 18365.75, 18207.65, 17721.6, 17716.75, 17632.6, 37662.225, 21379.25, 21345.15, 20903.7, 20405.125, 20186.65, 19673.4, 19618.525, 19067.300000000003, 18907.324999999997, 18404.025, 18071.375, 17731.050000000003, 37815.875, 21457.9, 21485.75, 20985.175, 20769.35, 20762.125]"
35,4.199999999999999,1,"[17508.275, 27149.824999999997, 18860.9, 17571.875, 35899.274999999994, 22113.325, 21371.1, 20726.1, 19841.375, 19269.75, 18908.575, 18464.300000000003, 18054.325, 17812.450000000004, 38327.22499999999, 22207.95, 21854.9, 21699.25, 21298.175, 21016.475, 20891.5, 20521.625, 20034.9, 19742.6, 19372.850000000002, 19099.850000000002, 18737.875, 18290.25, 17990.125, 38432.54999999999, 21732.75, 21606.625, 21215.45, 20833.4, 20291.425, 20416.300000000003, 19897.625, 19616.2, 19202.25, 18995.075, 18451.675000000003, 18077.050000000003, 17645.2, 38269.37499999999, 21573.75, 21499.95, 20939.5, 20497.25, 19960.125, 19697.550000000003, 19387.075, 19252.6, 18875.275, 18561.975, 18313.925000000003, 18292.700000000004, 17900.475, 17575.65, 38411.7, 21569.375, 21571.300000000003, 21511.050000000003, 21172.75, 20762.225000000002, 20523.1, 20349.6, 20049.050000000003, 19746.7, 19250.675000000003, 18983.475, 18527.199999999997, 18457.875, 18158.574999999997, 17940.25, 17696.45, 38262.424999999996, 21583.4, 21612.525, 21191.25, 20968.65, 20612.975, 20189.575, 19892.9, 19621.65, 19375.025, 19184.75, 18830.125, 18615.225000000002, 18404.100000000002, 18088.125, 17827.774999999998, 38139.5, 21494.875, 21455.925, 21167.225, 20973.925000000003, 20678.35, 20456.5, 20271.45, 19889.95, 19776.6, 19417.75, 19159.725, 18894.175000000003, 18583.4, 18208.475000000002, 17969.950000000004, 17742.525, 17826.025, 17639.475, 38492.6, 21472.15, 21606.4, 20984.725000000002, 20609.925, 20332.825, 20117.324999999997, 19893.625, 19679.525, 19125.125, 18813.550000000003, 18575.675, 18257.375, 18031.449999999997, 17745.125, 17517.175000000003, 37970.325, 21169.824999999997, 21213.525, 20817.35, 20484.025, 19939.375, 19712.925000000003, 19372.475, 19118.925000000003, 18852.175000000003, 18591.975, 18388.025, 17881.175, 38419.84999999999, 21456.55, 21518.275, 21157.550000000003, 20797.05, 20511.525, 20262.15, 19692.175, 19551.074999999997, 19138.8, 18871.9, 18618.725000000002, 18139.725, 17662.325, 38179.87499999999, 21356.675000000003, 21406.575, 20968.275, 20644.7, 20322.925000000003, 20014.925000000003, 19699.925, 19272.925, 19188.7, 18797.6, 18421.075, 17926.675000000003, 17605.025, 37785.299999999996, 21140.575, 21244.45, 20842.4, 20402.300000000003, 20048.350000000002, 19634.45, 19462.6, 18988.975, 18477.525, 18486.675000000003, 18206.225, 17870.225000000002, 17626.925000000003, 38230.325, 21509.425000000003, 21372.699999999997, 21109.074999999997, 20788.275, 20496.875, 20172.425000000003, 19793.75, 19382.75, 19012.425000000003, 18530.4, 18054.85, 17890.475, 17536.675, 37915.45, 21143.375, 20880.199999999997, 20833.675000000003, 20630.450000000004, 20343.675000000003, 19911.1, 19762.15, 19607.925000000003, 19377.825, 19064.25, 18748.8, 18271.825, 17946.25, 17965.975000000002, 17678.1, 38117.899999999994, 21114.075, 21094.7, 20715.225, 20432.1, 20066.824999999997, 19566.100000000002, 19572.2, 19116.525, 18668.15, 18420.050000000003, 18167.825, 17991.475000000002, 17692.35, 17664.175, 37916.72499999999, 20984.65, 21003.25, 20732.050000000003, 20384.575, 20111.575, 19812.949999999997, 19657.6, 19540.825, 19070.125, 18808.449999999997, 18406.475000000002, 18212.4, 17958.925, 17679.375, 38050.774999999994, 21114.825, 20927.074999999997, 20695.925, 20543.775, 20274.950000000004, 19772.075000000004, 19542.425000000003, 19013.85]"
35,4.299999999999999,1,"[38899.42499999999, 26048.200000000004, 24362.175, 22845.5, 21966.6, 21178.050000000003, 20043.675000000003, 19112.6, 18651.65, 17989.325000000004, 38787.82499999999, 21892.875, 21693.4, 21175.925, 20656.0, 20329.475000000002, 20010.025, 19617.875, 19149.9, 18698.7, 18136.100000000002, 17655.7, 38554.274999999994, 21665.9, 21498.574999999997, 21112.225000000002, 20679.7, 20247.775, 19804.7, 19501.9, 19143.85, 19009.375, 18783.45, 18426.9, 18096.775, 17682.65, 38294.62499999999, 21480.45, 21330.175, 20904.9, 20485.7, 20078.125, 19627.375, 19235.525, 19038.625, 18733.925, 18373.875, 18112.175000000003, 18056.175000000003, 17812.449999999997, 38942.174999999996, 21606.625, 21554.85, 21112.2, 21003.700000000004, 20504.625, 20188.5, 19838.875, 19401.225, 18891.475, 18360.300000000003, 18012.225, 17765.525, 17545.925000000003, 38486.774999999994, 21205.15, 21137.9, 20881.800000000003, 20477.45, 20156.575000000004, 19821.774999999998, 19421.5, 19151.2, 18776.075, 18431.600000000002, 18171.0, 17936.725, 17827.55, 38798.47499999999, 21551.100000000002, 21383.199999999997, 20881.574999999997, 20346.300000000003, 20169.949999999997, 20076.925000000003, 19814.65, 19470.625, 19242.675, 18970.95, 18713.95, 18495.25, 18242.225000000002, 17890.125, 17557.15, 38222.174999999996, 20928.200000000004, 20864.85, 20723.65, 20659.15, 20266.025, 20045.525, 19918.625, 19480.325, 19061.350000000002, 18911.975000000002, 18666.75, 18260.075, 17968.325, 17565.6, 38349.149999999994, 21472.925000000003, 21118.525, 20637.625, 20356.5, 19977.625, 19702.925, 19406.850000000002, 19327.000000000004, 19011.550000000003, 18674.35, 18507.55, 18295.15, 18000.4, 17766.5, 38942.024999999994, 21406.125, 21374.5, 21043.475, 20667.175, 20543.425000000003, 20263.65, 19847.95, 19419.025, 19243.125, 18819.4, 18551.6, 18353.9, 17799.550000000003, 38253.59999999999, 21189.575, 21001.15, 20726.0, 20411.45, 20089.55, 19877.975, 19688.6, 19269.050000000003, 18881.975000000002, 18436.75, 18190.075, 17842.9, 17551.725, 38059.79999999999, 21170.375, 20968.925, 20714.05, 20297.7, 20127.175, 19816.725, 19359.775, 19228.925000000003, 18761.25, 18477.225, 18104.725000000002, 17665.075, 38704.49999999999, 21331.25, 21213.525, 21073.675000000003, 20594.4, 20174.325, 19691.6, 19259.25, 19103.350000000002, 18781.725, 18503.6, 18216.3, 17818.4, 38497.87499999999, 21333.225, 21240.15, 21051.6, 20772.775, 20425.9, 20069.200000000004, 19596.250000000004, 19168.875, 18801.850000000002, 18544.875, 18619.15, 18501.275, 18184.65, 18012.475, 17861.45, 17679.5, 17577.1, 38206.95, 21369.05, 21195.45, 20770.925000000003, 20359.275, 20293.775, 19797.574999999997, 19464.149999999998, 19147.675000000003, 19064.925, 18788.575, 18447.225000000002, 18285.85, 17903.525, 17801.575, 17662.85, 38846.84999999999, 21477.625, 21279.1, 21040.425, 20465.225, 20083.95, 19571.45, 19144.525, 18758.550000000003, 18477.8, 18106.85, 17828.425000000003, 17526.625, 38166.524999999994, 21287.199999999997, 21230.6, 20919.100000000002, 20598.675000000003, 20269.9, 19990.65, 19600.225, 19327.225, 19153.925000000003, 18852.825000000004, 18638.2, 18145.475, 17851.925000000003, 17539.975000000002, 38411.774999999994, 21078.100000000002, 21045.275, 20709.125, 20361.725, 19983.200000000004, 19625.05, 19408.524999999998, 19232.775, 18757.525]"
35,4.399999999999999,1,"[38951.75, 26112.975, 24288.375, 22725.5, 21388.05, 20634.275, 19606.600000000002, 19012.275, 18251.65, 17568.475, 38382.575, 22157.825, 21896.9, 21243.425000000003, 20850.850000000002, 20399.125, 19973.025, 19375.55, 19007.15, 18546.300000000003, 17938.9, 17641.4, 38374.97499999999, 21534.450000000004, 21606.325, 21254.375, 20769.675000000003, 20449.6, 19963.100000000002, 19665.275, 19347.15, 19104.6, 18638.075, 18287.55, 18140.550000000003, 17615.425000000003, 17550.625, 39348.7, 21797.175000000003, 21684.725, 21500.8, 20994.550000000003, 20655.5, 20326.725, 20318.625, 19956.625, 19885.875, 19652.4, 19230.475, 18836.825000000004, 18640.675000000003, 18220.225, 18053.725, 17906.800000000003, 39270.67499999999, 21764.8, 21699.825, 21320.275, 20677.75, 20192.050000000003, 19956.075000000004, 19637.050000000003, 19338.3, 18980.625, 18795.350000000002, 18589.725, 18379.5, 17977.75, 17549.1, 39219.74999999999, 21449.475, 21380.5, 20895.925000000003, 20684.225, 20351.6, 20037.4, 19635.5, 19265.85, 18868.475000000002, 18729.225000000002, 18592.524999999998, 18357.275, 18017.475000000002, 17501.625, 38646.274999999994, 21538.050000000003, 21447.850000000002, 21023.300000000003, 20626.825000000004, 20283.0, 19880.5, 19446.8, 19118.25, 18765.35, 18292.05, 18139.600000000002, 17900.475000000002, 17610.425, 38962.34999999999, 21318.725, 21190.25, 20631.725, 20016.95, 19764.725, 19281.275, 19152.675000000003, 19062.025, 18700.7, 18293.899999999998, 17866.75, 39042.17499999999, 21466.475000000002, 21305.325, 21047.125, 20867.575, 20422.85, 20106.5, 19781.625, 19433.574999999997, 19513.850000000002, 19270.925000000003, 19231.975, 18810.625, 18677.25, 18665.625, 18450.125, 18128.350000000002, 17885.05, 17721.15, 39134.2, 21353.725, 21255.95, 20899.175000000003, 20569.95, 20289.95, 19964.0, 19692.475, 19351.850000000002, 18995.875, 18519.875, 18261.55, 18294.85, 18141.075000000004, 17900.600000000002, 17560.300000000003, 39247.19999999999, 21562.925000000003, 21390.975000000002, 20969.4, 20439.325000000004, 20235.65, 20077.7, 19790.5, 19534.050000000003, 19150.075, 18919.425, 18510.375, 18230.6, 17980.975, 17626.925, 17513.6, 38866.575, 21389.7, 21235.775, 20673.6, 20307.0, 19771.275, 19339.65, 19295.949999999997, 18842.425000000003, 18434.05, 17964.15, 17733.375, 17595.75, 38637.99999999999, 21072.600000000002, 20951.125, 20665.7, 20159.55, 19791.375, 19454.925, 19145.45, 18878.775, 18516.475000000002, 18329.05, 17993.950000000004, 17613.475000000002, 38686.74999999999, 21102.325, 21099.475, 20874.125, 20478.850000000002, 20339.0, 19986.175000000003, 19728.0, 19328.375, 19009.425, 18771.5, 18475.425000000003, 18351.050000000003, 18245.775, 17970.4, 17617.775, 39440.649999999994, 21666.175, 21582.625, 21357.05, 20921.425000000003, 20639.775, 20409.225, 19883.45, 19466.825, 19258.25, 19167.25, 18810.25, 18511.85, 18331.875, 18170.65, 17849.7, 17650.125, 39087.174999999996, 21243.425000000003, 21336.8, 21011.975, 20673.375, 20198.95, 19977.325, 19457.175000000003, 19043.275, 18745.550000000003, 18417.0, 18102.45, 18004.0, 17855.875, 17560.525, 17510.85, 38382.94999999999, 21047.425000000003, 20841.375, 20808.4, 20398.225000000002, 19998.325, 19577.425, 19270.775, 18962.1, 18686.050000000003, 18432.925000000003, 17905.100000000002, 39458.47499999999, 21654.725]"
35,4.499999999999998,1,"[17566.275, 28367.09999999999, 18751.225000000002, 17816.875, 37908.72499999999, 22582.15, 21992.0, 21254.375, 20303.2, 19590.9, 19177.925000000003, 18537.200000000004, 18204.9, 17794.425000000003, 17505.2, 39207.774999999994, 21820.050000000003, 21537.0, 21257.875, 20850.4, 20479.4, 20379.15, 20046.75, 19773.425000000003, 19312.325, 19054.675000000003, 18669.9, 18263.0, 17959.975000000002, 17610.200000000004, 39662.19999999999, 21570.725, 21385.675000000003, 20825.0, 20452.2, 20057.5, 19933.074999999997, 19812.825, 19666.050000000003, 19434.600000000002, 19068.575, 18786.775, 18665.4, 18326.725, 17849.1, 39979.94999999999, 21634.75, 21383.65, 21261.675000000003, 20935.0, 20571.6, 20157.025, 19915.075, 19499.7, 18924.350000000002, 18775.100000000002, 18528.625, 18136.85, 17881.65, 39951.92499999999, 21612.125, 21438.25, 21182.4, 20965.675, 20733.25, 20300.45, 19808.800000000003, 19638.95, 19469.825, 18961.200000000004, 18823.575, 18642.7, 18075.175, 17766.775, 39634.37499999999, 21509.5, 21149.074999999997, 20957.100000000002, 20770.4, 20328.050000000003, 19909.175, 19412.700000000004, 19284.775, 18804.300000000003, 18464.125, 18001.075, 17664.850000000002, 39838.57499999999, 21415.0, 21373.15, 21157.050000000003, 20685.225, 20339.375, 19982.449999999997, 19631.775, 19418.275, 19083.550000000003, 18890.525, 18541.85, 18396.25, 18319.050000000003, 18137.5, 18060.875, 17592.975, 39723.42499999999, 21394.0, 21345.15, 20923.225, 20625.425000000003, 20236.925000000003, 19948.5, 19569.825, 19315.2, 18911.225, 18719.025, 18318.225, 18078.425000000003, 17982.225, 17834.875, 17819.975, 39890.825, 21745.4, 21633.525, 21176.675000000003, 20941.725000000002, 20612.75, 20388.750000000004, 20209.35, 20037.175000000003, 19889.75, 19435.55, 19345.225000000002, 19089.125, 18651.475000000002, 18491.199999999997, 18020.875, 17641.9, 39886.04999999999, 21807.9, 21689.925000000003, 21296.274999999998, 20850.525, 20463.725, 19992.5, 19715.775, 19305.425000000003, 18821.175000000003, 18580.875, 18089.824999999997, 17747.65, 39874.97499999999, 21445.074999999997, 21230.449999999997, 20996.25, 20705.175000000003, 20251.600000000002, 19725.55, 19384.475000000002, 19136.65, 18851.8, 18447.725, 18098.775, 17744.0, 17501.475, 39660.624999999985, 21396.525, 21024.625, 20699.5, 20428.275, 20118.125, 19817.574999999997, 19468.475000000002, 19232.85, 18966.275, 18530.7, 18396.45, 18084.5, 17726.375, 17594.725000000002, 39577.649999999994, 21279.549999999996, 21178.275, 20927.75, 20533.6, 20279.425000000003, 19969.050000000003, 19789.875, 19236.875, 18952.700000000004, 18587.05, 18267.425000000003, 17984.675000000003, 17620.7, 39627.2, 21167.0, 21013.800000000003, 20572.975, 20207.125, 19981.55, 19860.325, 19433.65, 19259.675000000003, 19018.25, 18643.175, 18387.0, 18085.325, 17969.074999999997, 17785.275, 17594.125, 39191.17499999999, 20819.425000000003, 20617.7, 20485.575, 20095.075, 19669.65, 19668.3, 19552.35, 19368.1, 19089.8, 18633.675000000003, 18424.575000000004, 18078.075, 17784.075000000004, 39637.67499999999, 21143.575, 20970.2, 20714.550000000003, 20346.300000000003, 20192.275, 19965.9, 19640.475, 19090.6, 18907.85, 18662.425, 18332.600000000002, 18032.8, 17863.6, 17509.65, 39811.34999999999, 21312.925, 21174.275, 20961.800000000003, 20660.475000000002, 20162.075, 19887.2, 19480.675000000003, 19187.125, 18700.050000000003, 18271.5, 17893.125]"
35,4.599999999999998,1,"[40088.02499999999, 25937.450000000004, 23797.675000000003, 22094.75, 20809.425000000003, 19898.6, 18871.200000000004, 17672.5, 38898.52499999999, 22144.4, 21527.275, 21165.65, 20532.225, 20180.525, 19622.300000000003, 19003.55, 18468.375, 18286.949999999997, 17970.850000000002, 17601.175, 40343.39999999999, 21816.85, 21706.1, 21404.875, 21110.875, 20723.65, 20315.225000000002, 20089.35, 19580.625, 19451.75, 19030.4, 18627.825, 18148.174999999996, 17873.300000000003, 40438.94999999999, 21794.7, 21630.575, 21230.75, 20818.350000000002, 20338.850000000002, 20120.725, 19902.825, 19573.0, 18873.15, 18723.275, 18143.75, 17837.45, 40299.599999999984, 21547.1, 21398.475, 21129.65, 20757.975, 20452.5, 20267.725, 19875.4, 19512.75, 19198.2, 18885.35, 18694.65, 18380.475, 17905.15, 40469.77499999999, 21570.7, 21384.0, 21256.75, 21067.075, 20757.05, 20396.100000000002, 20085.5, 19759.775, 19158.2, 18755.175000000003, 18404.5, 18071.425000000003, 17754.425000000003, 39847.72499999999, 21322.800000000003, 21112.575000000004, 20912.275, 20496.125, 20025.775, 19822.325, 19518.05, 19136.775, 18886.575000000004, 18412.275, 18079.425000000003, 17774.925000000003, 40049.77499999999, 21410.4, 21291.975, 20955.975, 20647.625, 20561.825, 20319.65, 20170.5, 20022.600000000002, 19837.325, 19401.975, 19225.725, 18959.5, 18650.824999999997, 18204.975, 17719.15, 39890.7, 21206.5, 21102.4, 20773.4, 20643.225, 20360.775, 20156.275, 19883.275, 19853.05, 19564.925000000003, 19303.625, 18731.775, 18344.75, 18048.149999999998, 17906.225000000002, 17836.824999999997, 17601.300000000003, 39284.249999999985, 20868.875, 20749.200000000004, 20340.575, 20114.7, 19658.350000000002, 19365.7, 18984.950000000004, 18560.05, 18175.775, 18015.0, 17526.25, 40382.92499999999, 21618.9, 21515.6, 21279.700000000004, 21035.600000000002, 20706.825, 20541.949999999997, 20131.1, 19887.6, 19646.35, 19306.25, 18996.825, 18545.550000000003, 18226.6, 18118.9, 17979.125, 40445.77499999999, 21337.275, 21214.775, 21003.8, 20805.2, 20581.425, 20474.4, 20240.65, 19871.5, 19662.25, 19544.975000000002, 19183.95, 18964.4, 18789.475, 18622.375, 18576.65, 18220.425, 18000.050000000003, 17679.525, 40466.69999999998, 21707.450000000004, 21601.775, 21236.65, 20965.0, 20518.25, 20184.100000000002, 19753.0, 19583.525, 19161.825, 19097.699999999997, 18739.95, 18619.324999999997, 18318.325000000004, 18049.625, 17924.525, 17699.850000000002, 17570.575, 40010.399999999994, 21285.875, 21074.525, 20637.6, 20333.1, 19835.199999999997, 19696.475000000002, 19314.625000000004, 18864.025, 18581.95, 18216.6, 17961.925000000003, 17718.925000000003, 40339.575, 21487.175000000003, 21399.375, 21109.850000000002, 20641.65, 20222.7, 20021.85, 19778.8, 19298.25, 19095.175000000003, 18503.9, 17973.475, 17704.325, 39992.69999999998, 21405.175000000003, 21116.825, 20822.0, 20553.85, 19906.875, 19380.825, 19177.4, 19111.050000000003, 18822.1, 18451.325, 18052.325, 17867.35, 39697.499999999985, 21246.575000000004, 21052.725, 20895.350000000002, 20673.500000000004, 20292.9, 19861.600000000002, 19538.800000000003, 19068.675000000003, 18686.4, 18215.475, 18022.525, 17862.65, 17508.925, 39824.54999999999, 20966.7, 20903.025, 20409.300000000003, 20169.15, 19675.65, 19184.625, 18925.75, 18372.3, 18211.525, 17775.725]"
35,4.6999999999999975,1,"[17646.050000000003, 29596.27499999999, 19296.5, 17889.975, 39046.82499999998, 22244.525, 21810.75, 21184.850000000002, 20425.125, 19891.4, 19521.35, 18946.1, 18625.274999999998, 18171.025, 17545.175000000003, 39834.624999999985, 21830.025, 21653.225, 21138.275, 20437.824999999997, 20010.75, 19659.4, 19217.200000000004, 19088.525, 18891.4, 18752.8, 18456.575, 18197.050000000003, 18047.525, 17829.5, 40634.099999999984, 21526.025, 21329.800000000003, 20980.325, 20471.175000000003, 20007.7, 19561.325, 19174.75, 19080.699999999997, 18965.875, 18862.0, 18758.800000000003, 18106.225, 17894.199999999997, 17579.725, 40211.14999999998, 21311.875, 21171.050000000003, 20857.300000000003, 20548.2, 20252.625, 19781.925000000003, 19432.0, 19109.625, 18638.675000000003, 18435.675000000003, 18337.75, 18137.075, 17680.225, 40426.44999999998, 21453.75, 21452.174999999996, 20983.925000000003, 20421.3, 19969.800000000003, 19509.6, 19059.35, 18930.15, 18527.075, 18123.575, 17676.475000000002, 40578.64999999999, 21181.625, 21020.7, 20571.950000000004, 20414.525, 20239.125, 19950.725, 19775.050000000003, 19564.475000000002, 19203.525, 19041.625, 18589.85, 18277.9, 18085.975, 17685.85, 40809.374999999985, 21442.850000000002, 21284.525, 20784.025, 20420.7, 20099.699999999997, 19609.15, 19420.15, 19051.625, 18443.65, 17880.15, 17595.525, 40497.77499999999, 21411.075, 21415.375, 20879.525, 20622.675, 20491.375, 20234.075, 19897.175, 19572.7, 19343.5, 19086.525, 18745.1, 18509.025, 18008.15, 17639.025, 40826.599999999984, 21275.525, 21253.25, 21006.9, 20718.775, 20468.475, 20260.275, 19868.5, 19466.000000000004, 19276.7, 18737.575, 18483.475, 17934.225, 17835.9, 17583.9, 40322.349999999984, 21123.825, 21117.95, 20529.850000000002, 19964.199999999997, 19533.775, 19125.975, 18967.8, 18808.899999999998, 18449.75, 18255.1, 18202.6, 17839.65, 17682.675, 40349.349999999984, 21202.325, 20968.95, 20803.2, 20515.075000000004, 20442.925000000003, 20165.425, 19882.6, 19670.575000000004, 19251.025, 18875.7, 18473.35, 18130.375, 17679.6, 17574.75, 40601.82499999999, 21455.875, 21292.95, 20881.35, 20676.475, 20335.95, 19979.025, 19697.550000000003, 19617.825, 19206.9, 19075.075, 18609.575, 18467.775, 18194.825, 18042.475, 17588.75, 40850.749999999985, 21698.75, 21442.050000000003, 21003.8, 20794.025, 20489.7, 20211.4, 20192.550000000003, 19620.775, 19399.6, 18784.65, 18537.85, 18322.1, 18098.475, 17950.075, 17586.525, 40393.64999999999, 21327.525, 21266.15, 21014.675000000003, 20906.625, 20376.925000000003, 20045.225, 19669.975, 19178.175, 18937.35, 18572.3, 18222.025, 17760.25, 17618.324999999997, 40303.599999999984, 21409.425, 21411.65, 21000.0, 20624.15, 20453.55, 19863.75, 19345.300000000003, 18892.175000000003, 18673.975000000002, 18485.925, 18030.625, 17717.275, 40948.17499999999, 21506.15, 21365.4, 21061.325, 20587.5, 20305.85, 20042.375, 19720.600000000002, 19554.625, 19534.225, 19078.4, 18782.75, 18542.375, 18371.025, 17865.625, 17581.074999999997, 40833.29999999999, 21222.425, 21267.475, 20983.575, 20742.825, 20305.550000000003, 19896.275, 19648.325, 19374.925, 18856.699999999997, 18722.45, 18308.55, 18160.15, 17880.6, 17868.3, 17584.35, 40390.04999999999, 21239.925000000003]"
35,4.799999999999997,1,"[17640.800000000003, 30283.32499999999, 19249.4, 18173.525, 40402.52499999999, 22773.4, 21989.775, 21270.15, 20690.35, 20147.25, 19596.200000000004, 18930.65, 18642.850000000002, 18101.85, 17583.550000000003, 40893.19999999998, 21703.65, 21481.800000000003, 21005.45, 20768.7, 20567.55, 20411.475, 19935.75, 19533.1, 19249.175000000003, 18881.525, 18624.9, 18636.175000000003, 18351.75, 18062.275, 17773.25, 17558.725, 41110.77499999998, 21595.275, 21539.125, 21106.1, 20721.2, 20324.05, 19751.825, 19648.675, 19200.100000000002, 18886.65, 18645.600000000002, 18375.375, 17964.075, 17709.075000000004, 17522.775, 40877.04999999999, 21455.0, 21587.775, 21401.4, 21007.675000000003, 20686.025, 20463.425, 20183.65, 19753.9, 19308.95, 19119.725000000002, 19010.100000000002, 18775.6, 18490.85, 18178.375, 17869.125, 41082.749999999985, 21493.275, 21530.875, 21322.9, 21054.65, 20826.125, 20622.350000000002, 20448.25, 20146.575, 19771.050000000003, 19451.425000000003, 19261.75, 18727.075, 18616.85, 18224.175000000003, 17976.699999999997, 17518.525, 40701.84999999999, 21282.175, 21163.525, 20943.550000000003, 20772.725, 20504.700000000004, 20217.2, 19840.7, 19650.25, 19375.324999999997, 18894.925000000003, 18536.574999999997, 18311.825, 18050.574999999997, 17533.100000000002, 40826.77499999999, 21366.275, 21420.875, 21020.4, 20815.025, 20352.275, 19926.775, 19492.3, 19220.425, 18835.95, 18424.125, 18110.225000000002, 17855.925000000003, 17679.65, 41137.999999999985, 21383.175000000003, 21515.35, 21023.65, 20741.95, 20326.800000000003, 19979.5, 19787.975, 19453.15, 18989.125, 18568.025, 18248.475, 17966.4, 17721.8, 41471.42499999999, 21688.15, 21664.074999999997, 21341.725000000002, 21323.800000000003, 20851.800000000003, 20506.125, 20270.125, 19835.85, 19612.050000000003, 19237.625, 19135.45, 18768.85, 18538.325, 18059.850000000002, 17952.375, 17834.4, 17599.375, 41189.07499999998, 21612.050000000003, 21491.775, 21096.350000000002, 20698.025, 20308.475000000002, 19976.175, 19392.375, 19255.425, 18773.975, 18392.025, 18034.575, 17748.3, 40987.17499999999, 21405.825, 21280.35, 20973.850000000002, 20443.125, 20085.675000000003, 19845.525, 19606.7, 19404.525, 18971.2, 18560.575, 18074.074999999997, 17728.175000000003, 17511.4, 40962.67499999999, 21370.050000000003, 21280.975, 20948.475, 20634.375, 20149.800000000003, 19698.975, 19163.575, 18964.75, 18504.975000000002, 18092.700000000004, 17759.55, 17559.275, 40736.17499999999, 21072.375, 20988.375, 20556.75, 20205.625, 19817.925000000003, 19592.9, 19487.0, 19197.850000000002, 18680.300000000003, 18417.699999999997, 17971.725, 17673.775, 41455.124999999985, 21554.7, 21226.15, 20675.075, 20325.525, 19810.125, 19498.175000000003, 19283.425, 18890.075, 18606.35, 18406.4, 18164.9, 17987.875, 17817.05, 17517.525, 40960.02499999998, 21207.2, 21031.175000000003, 20783.575, 20495.225, 20105.7, 19650.7, 19402.649999999998, 19185.65, 18931.725, 18803.35, 18594.475000000002, 18256.0, 17994.175000000003, 17640.675, 40986.52499999998, 21535.825, 21398.875, 21160.65, 20728.125, 20195.675, 19947.625, 19702.4, 19240.175000000003, 18729.4, 18666.85, 18324.075, 18113.85, 17826.850000000002, 41314.47499999999, 21473.525, 21190.825, 20795.775, 20428.05, 20043.725, 19648.9, 19293.7, 19233.975, 18887.25, 18369.25, 18088.0]"
35,4.899999999999997,1,"[17675.800000000003, 30805.724999999988, 19391.0, 18370.550000000003, 41686.19999999998, 23072.475000000002, 22522.9, 21712.675, 20911.45, 20368.825000000004, 19815.074999999997, 19038.800000000003, 18704.9, 18169.525, 17831.15, 17527.25, 41016.749999999985, 21817.0, 21467.875, 21048.550000000003, 20881.6, 20510.725000000002, 20237.0, 19938.15, 19617.125, 19368.850000000002, 19004.05, 18384.1, 18018.600000000002, 17637.925000000003, 41356.79999999999, 21568.125, 21360.95, 21063.675000000003, 20597.65, 20410.6, 20051.425000000003, 19610.65, 19273.0, 18863.2, 18680.9, 18480.725000000002, 18318.7, 17660.475, 41283.67499999998, 21447.025, 21070.6, 20736.475000000002, 20618.6, 20102.300000000003, 19715.725000000002, 19361.775, 19097.35, 18963.6, 18593.45, 18348.050000000003, 18092.175000000003, 17944.975, 41680.42499999999, 21526.025, 21308.8, 21138.775, 20643.050000000003, 20381.950000000004, 20130.550000000003, 19624.175000000003, 19300.300000000003, 18930.875, 18539.175000000003, 18278.525, 18051.100000000002, 17884.6, 17699.325, 41929.42499999998, 21709.0, 21468.85, 21265.850000000002, 21057.95, 20683.600000000002, 20398.375, 19990.15, 19834.75, 19342.800000000003, 18928.9, 18690.225, 18169.75, 17899.800000000003, 17599.100000000002, 41766.974999999984, 21353.7, 21124.775, 20796.225000000002, 20528.375, 20262.3, 19964.575, 19644.825, 19426.850000000002, 19294.800000000003, 18793.775, 18405.775, 18011.85, 17859.05, 17792.100000000002, 41495.39999999998, 21049.600000000002, 21055.85, 20737.125, 20613.125, 20260.975000000002, 20152.75, 19881.675000000003, 19637.574999999997, 19209.300000000003, 19041.2, 18798.5, 18585.725, 18204.9, 17851.85, 17503.725, 41779.34999999998, 21585.45, 21419.699999999997, 21107.025, 20713.675, 20337.475, 19857.300000000003, 19404.350000000002, 18922.475000000002, 18513.875, 18217.725, 18042.275, 17701.65, 41845.42499999999, 21519.925000000003, 21472.550000000003, 21046.25, 20767.5, 20492.275, 20182.475, 19719.45, 19474.300000000003, 19178.375, 19029.575, 18775.725000000002, 18550.825, 18300.9, 17999.9, 17741.125, 41393.624999999985, 21256.025, 21086.300000000003, 20689.6, 20215.700000000004, 19735.325, 19565.15, 19204.725000000002, 18896.225, 18483.125, 18155.775, 17878.75, 17865.275, 17521.95, 41643.07499999999, 21407.175000000003, 21324.45, 21027.825000000004, 20394.325, 20034.95, 19784.975000000002, 19475.275, 19069.775, 18681.800000000003, 18459.725000000002, 18338.775, 18002.925000000003, 17780.625, 41480.999999999985, 21291.15, 21108.775, 20915.925, 20482.375, 20166.675000000003, 20001.800000000003, 19585.675000000003, 19394.275, 19079.3, 18681.95, 18576.4, 18213.9, 17842.325, 41896.349999999984, 21567.225000000002, 21448.95, 21188.6, 20728.4, 20537.7, 20178.225, 19920.725, 19452.55, 19167.7, 18615.074999999997, 18505.475000000002, 18059.25, 17806.95, 17836.375, 17542.300000000003, 17636.425000000003, 41719.94999999998, 21492.75, 21165.325, 20972.875, 20771.075, 20524.6, 20258.15, 19972.325, 19720.775, 19447.025, 19063.95, 18690.125, 18076.45, 17586.0, 41205.97499999999, 21364.125, 21497.925000000003, 21295.75, 20681.700000000004, 20300.275, 19915.125, 19569.800000000003, 19338.575, 19001.4, 18453.475, 18133.95, 17874.05, 17721.4, 41474.77499999998, 21338.550000000003, 21470.275, 20908.925000000003, 20632.525, 20321.6, 20085.075, 19595.15, 19272.85, 18764.45, 18656.025, 18284.274999999998, 17874.550000000003, 17538.825, 41432.02499999998]"
35,4.9999999999999964,1,"[17506.35, 30505.67499999999, 19048.35, 17949.425000000003, 40637.07499999998, 22319.25, 21672.9, 20736.675000000003, 19973.875, 19462.850000000002, 18526.65, 17928.825, 42473.14999999998, 22549.449999999997, 22134.875, 21556.1, 20991.95, 20338.925, 19924.2, 19462.200000000004, 18940.4, 18350.825000000004, 18111.525, 17725.85, 17623.975000000002, 41962.47499999998, 21876.25, 21647.5, 21482.9, 21153.550000000003, 20555.275, 20292.325, 20115.300000000003, 19718.100000000002, 19344.5, 19015.95, 18504.95, 18108.675000000003, 17747.949999999997, 42053.57499999998, 21256.15, 21108.7, 20829.15, 20311.825, 20173.925, 19859.725000000002, 19695.075, 19349.024999999998, 19088.525, 18787.325, 18494.425, 18169.75, 17885.35, 17527.550000000003, 41863.62499999998, 21252.45, 21204.7, 20888.35, 20581.475000000002, 20221.200000000004, 19889.600000000002, 19515.550000000003, 19048.475, 18600.7, 18350.575, 18272.975000000002, 17964.525, 17638.525, 41674.374999999985, 20948.4, 20729.6, 20519.525, 20384.350000000002, 20027.800000000003, 19888.024999999998, 19698.8, 19483.375, 19539.025, 19093.675000000003, 18934.475, 18621.65, 18473.175000000003, 18082.15, 17856.875, 17697.5, 42216.02499999998, 21376.525, 21350.9, 20906.175000000003, 20765.125, 20251.65, 20015.824999999997, 19796.875, 19434.9, 19187.65, 18926.8, 18663.25, 18191.125, 18126.175000000003, 17727.4, 42203.17499999998, 21530.875, 21635.875, 21140.95, 20798.625, 20529.025, 20359.45, 19983.1, 19505.4, 19370.025, 19401.975000000002, 19178.425000000003, 18954.550000000003, 18662.125, 18315.725000000002, 17987.550000000003, 42354.59999999998, 21702.925000000003, 21617.5, 21212.625, 20887.100000000002, 20568.825, 20093.625, 19610.95, 19470.85, 19145.050000000003, 18869.800000000003, 18731.375, 18433.975, 18136.850000000002, 17927.300000000003, 17631.75, 17547.300000000003, 41515.499999999985, 21159.6, 21065.325, 20869.125, 20558.575, 20443.15, 19923.875000000004, 19833.75, 19631.65, 19482.2, 19138.15, 18905.875, 18856.275, 18810.625, 18541.649999999998, 18225.450000000004, 17942.625, 41952.249999999985, 21280.8, 21245.800000000003, 20829.300000000003, 20494.325, 20121.4, 19829.1, 19483.175000000003, 19201.475000000002, 18763.4, 18615.275, 18448.4, 18236.025, 17919.0, 42480.52499999998, 21510.9, 21324.275, 21213.625, 20842.05, 20629.0, 20135.4, 19911.175000000003, 19822.625, 19228.6, 18749.025, 18456.525, 18119.85, 18055.725, 17979.25, 17791.300000000003, 42225.67499999999, 21121.9, 21144.6, 20893.050000000003, 20733.225000000002, 20449.6, 20025.850000000002, 19823.375, 19457.1, 19301.775, 18966.275, 18674.15, 18324.125, 18311.85, 18269.199999999997, 18005.8, 17806.950000000004, 17664.875, 42109.74999999998, 21338.1, 21198.9, 20875.125000000004, 20636.225, 20330.600000000002, 19845.350000000002, 19280.825000000004, 19141.275, 18840.725000000002, 18533.1, 18250.475000000002, 17812.15, 17636.925000000003, 42358.599999999984, 21544.800000000003, 21419.7, 21142.075000000004, 20742.625, 20401.1, 19973.0, 19536.524999999998, 19303.775, 18919.35, 18570.825000000004, 18395.75, 18195.35, 17824.449999999997, 17539.6, 41545.67499999998, 21304.25, 21176.775, 20859.175000000003, 20362.7, 20026.300000000003, 19856.9, 19554.700000000004, 19242.975000000002, 19039.55, 18918.975, 18775.7, 18446.325, 18077.2, 17576.475, 17562.225000000002, 42234.47499999998, 21269.5, 21329.675000000003, 21262.375, 20788.075000000004, 20190.6, 19817.225]"
