Seed,Theta,A,Social_Welfare
9,4.0,1,"[np.float64(27806.800000000003), np.float64(30197.6), np.float64(33443.6), np.float64(35617.8), np.float64(37197.59999999999), np.float64(38030.0), np.float64(38426.40000000001), np.float64(38883.8), np.float64(39091.0), np.float64(38362.0), np.float64(39057.600000000006), np.float64(38405.600000000006), np.float64(39040.4), np.float64(38503.59999999999), np.float64(39149.4), np.float64(38648.399999999994), np.float64(39200.0), np.float64(38711.6), np.float64(38270.0), np.float64(38921.4), np.float64(38393.600000000006), np.float64(38991.8), np.float64(38539.8), np.float64(39088.0), np.float64(38549.2), np.float64(39052.4), np.float64(38653.8), np.float64(38126.2), np.float64(38758.2), np.float64(38242.399999999994), np.float64(38812.200000000004), np.float64(38321.399999999994), np.float64(38921.2), np.float64(38378.20000000001), np.float64(38945.399999999994), np.float64(38549.0), np.float64(39037.2), np.float64(38724.200000000004), np.float64(38337.399999999994), np.float64(38846.4), np.float64(38294.8), np.float64(38895.4), np.float64(38534.600000000006), np.float64(39016.8), np.float64(38675.0), np.float64(38238.8), np.float64(38788.4), np.float64(38398.0), np.float64(38939.600000000006), np.float64(38596.4), np.float64(38178.2), np.float64(38705.0), np.float64(38352.0), np.float64(38876.600000000006), np.float64(38381.600000000006), np.float64(38882.799999999996), np.float64(38433.8), np.float64(38889.59999999999), np.float64(38490.8), np.float64(38919.8), np.float64(38477.0), np.float64(38950.8), np.float64(38621.2), np.float64(38108.20000000001), np.float64(38621.2), np.float64(38196.600000000006), np.float64(38717.200000000004), np.float64(38304.79999999999), np.float64(38809.600000000006), np.float64(38380.20000000001), np.float64(38893.600000000006), np.float64(38558.6), np.float64(38054.59999999999), np.float64(38595.8), np.float64(38227.399999999994), np.float64(38694.399999999994), np.float64(38286.600000000006), np.float64(38726.6), np.float64(38358.0), np.float64(38822.6), np.float64(38462.600000000006), np.float64(38935.8), np.float64(38596.8), np.float64(38184.2), np.float64(38645.8), np.float64(38198.399999999994), np.float64(38709.399999999994), np.float64(38326.20000000001), np.float64(38778.399999999994), np.float64(38413.600000000006), np.float64(38793.0), np.float64(38421.399999999994), np.float64(38794.8), np.float64(38502.2), np.float64(38141.399999999994), np.float64(38627.399999999994), np.float64(38265.0), np.float64(38717.6), np.float64(38396.8), np.float64(38866.399999999994), np.float64(38510.4), np.float64(38132.0), np.float64(38658.4), np.float64(38266.40000000001), np.float64(38694.399999999994), np.float64(38169.600000000006), np.float64(38600.0), np.float64(38286.399999999994), np.float64(38744.8), np.float64(38359.2), np.float64(38767.2), np.float64(38393.600000000006), np.float64(38785.600000000006), np.float64(38521.600000000006), np.float64(38112.0), np.float64(38520.8), np.float64(38237.600000000006), np.float64(38673.600000000006), np.float64(38397.600000000006), np.float64(38778.399999999994), np.float64(38507.2), np.float64(38111.2), np.float64(38568.0), np.float64(38359.2), np.float64(38708.8), np.float64(38408.0), np.float64(38855.2), np.float64(38563.2), np.float64(38205.600000000006), np.float64(38614.4), np.float64(38265.600000000006), np.float64(38653.600000000006), np.float64(38412.0), np.float64(38780.0), np.float64(38455.2), np.float64(38136.0), np.float64(38575.2), np.float64(38274.399999999994), np.float64(38737.6), np.float64(38398.399999999994), np.float64(38845.59999999999), np.float64(38550.4), np.float64(38208.8), np.float64(38657.6), np.float64(38312.0), np.float64(38805.600000000006), np.float64(38448.0), np.float64(38859.2), np.float64(38496.0), np.float64(38126.399999999994), np.float64(38580.0), np.float64(38283.2), np.float64(38764.0), np.float64(38315.2), np.float64(38730.399999999994), np.float64(38412.0), np.float64(38779.2), np.float64(38332.8), np.float64(38776.0), np.float64(38416.8), np.float64(38781.600000000006), np.float64(38512.0), np.float64(38248.8), np.float64(38685.6), np.float64(38384.79999999999), np.float64(38838.399999999994), np.float64(38551.2), np.float64(38312.0), np.float64(38712.799999999996), np.float64(38350.399999999994), np.float64(38752.0), np.float64(38432.0), np.float64(38169.59999999999), np.float64(38540.0), np.float64(38233.59999999999), np.float64(38650.4), np.float64(38405.600000000006), np.float64(38820.0), np.float64(38498.399999999994), np.float64(38096.0), np.float64(38560.0), np.float64(38156.0), np.float64(38631.2), np.float64(38250.40000000001), np.float64(38673.600000000006), np.float64(38363.999999999985), np.float64(38812.799999999996), np.float64(38456.0), np.float64(38076.79999999999), np.float64(38560.8), np.float64(38208.79999999999), np.float64(38636.8), np.float64(38328.8), np.float64(38754.399999999994), np.float64(38504.0), np.float64(38083.2), np.float64(38556.0), np.float64(38214.399999999994), np.float64(38681.6), np.float64(38282.40000000001), np.float64(38706.399999999994), np.float64(38331.20000000001), np.float64(38752.8), np.float64(38465.59999999999), np.float64(38148.0), np.float64(38597.600000000006), np.float64(38316.79999999999), np.float64(38732.8), np.float64(38393.59999999999), np.float64(38820.8), np.float64(38555.2), np.float64(38172.0), np.float64(38639.2), np.float64(38232.0), np.float64(38636.8), np.float64(38360.20000000001), np.float64(38812.8), np.float64(38607.4), np.float64(38215.59999999999), np.float64(38671.200000000004), np.float64(38304.0), np.float64(38688.0), np.float64(38316.2), np.float64(38692.0), np.float64(38456.2), np.float64(38197.0), np.float64(38551.2), np.float64(38227.600000000006), np.float64(38628.8), np.float64(38282.8), np.float64(38651.600000000006), np.float64(38364.600000000006), np.float64(38710.6), np.float64(38396.600000000006), np.float64(38179.0), np.float64(38545.2), np.float64(38291.600000000006), np.float64(38686.600000000006), np.float64(38480.600000000006), np.float64(38096.0), np.float64(38515.8), np.float64(38226.20000000001), np.float64(38697.40000000001), np.float64(38460.6), np.float64(38081.399999999994), np.float64(38534.2), np.float64(38137.20000000001), np.float64(38541.600000000006), np.float64(38192.8), np.float64(38636.0)]"
9,4.1,1,"[np.float64(27771.600000000006), np.float64(30578.000000000004), np.float64(34058.0), np.float64(36319.40000000001), np.float64(37746.00000000001), np.float64(38423.20000000001), np.float64(38774.600000000006), np.float64(39094.2), np.float64(38358.40000000001), np.float64(39137.4), np.float64(38521.99999999999), np.float64(39206.8), np.float64(38739.0), np.float64(39286.6), np.float64(38834.2), np.float64(38209.80000000002), np.float64(38946.8), np.float64(38413.0), np.float64(39032.8), np.float64(38639.80000000001), np.float64(39116.8), np.float64(38745.600000000006), np.float64(38348.0), np.float64(38889.8), np.float64(38440.80000000002), np.float64(38986.6), np.float64(38572.99999999999), np.float64(39067.8), np.float64(38670.0), np.float64(38335.600000000006), np.float64(38875.0), np.float64(38454.0), np.float64(39017.600000000006), np.float64(38698.8), np.float64(38214.59999999999), np.float64(38877.8), np.float64(38398.600000000006), np.float64(38931.200000000004), np.float64(38525.799999999996), np.float64(39059.8), np.float64(38682.6), np.float64(38324.2), np.float64(38900.0), np.float64(38521.20000000001), np.float64(38953.6), np.float64(38580.6), np.float64(38147.399999999994), np.float64(38698.6), np.float64(38303.200000000004), np.float64(38763.6), np.float64(38327.200000000004), np.float64(38789.8), np.float64(38423.4), np.float64(38890.2), np.float64(38587.6), np.float64(38260.20000000001), np.float64(38811.0), np.float64(38467.200000000004), np.float64(38881.0), np.float64(38526.20000000001), np.float64(38957.8), np.float64(38617.59999999999), np.float64(38286.599999999984), np.float64(38801.399999999994), np.float64(38471.99999999999), np.float64(38986.8), np.float64(38584.600000000006), np.float64(38293.4), np.float64(38837.600000000006), np.float64(38520.0), np.float64(39002.0), np.float64(38547.399999999994), np.float64(38163.6), np.float64(38685.8), np.float64(38337.40000000001), np.float64(38769.8), np.float64(38436.200000000004), np.float64(38886.8), np.float64(38567.8), np.float64(38216.6), np.float64(38729.600000000006), np.float64(38323.200000000004), np.float64(38764.6), np.float64(38376.0), np.float64(38806.4), np.float64(38453.4), np.float64(38965.6), np.float64(38558.2), np.float64(38269.8), np.float64(38718.6), np.float64(38323.4), np.float64(38737.6), np.float64(38295.40000000001), np.float64(38857.8), np.float64(38465.4), np.float64(38795.2), np.float64(38459.399999999994), np.float64(38869.8), np.float64(38611.8), np.float64(38300.00000000001), np.float64(38834.4), np.float64(38400.2), np.float64(38883.0), np.float64(38625.0), np.float64(38233.4), np.float64(38747.6), np.float64(38340.799999999996), np.float64(38874.2), np.float64(38492.8), np.float64(38985.6), np.float64(38563.4), np.float64(38113.399999999994), np.float64(38667.0), np.float64(38248.19999999999), np.float64(38690.2), np.float64(38278.400000000016), np.float64(38789.600000000006), np.float64(38431.8), np.float64(38807.2), np.float64(38428.600000000006), np.float64(38939.6), np.float64(38533.600000000006), np.float64(38274.600000000006), np.float64(38800.8), np.float64(38409.399999999994), np.float64(38833.799999999996), np.float64(38383.4), np.float64(38900.600000000006), np.float64(38557.200000000004), np.float64(38126.4), np.float64(38673.2), np.float64(38333.2), np.float64(38787.399999999994), np.float64(38449.6), np.float64(38846.8), np.float64(38536.8), np.float64(38287.0), np.float64(38694.6), np.float64(38258.19999999999), np.float64(38724.2), np.float64(38409.200000000004), np.float64(38829.0), np.float64(38630.8), np.float64(38394.2), np.float64(38774.0), np.float64(38399.19999999999), np.float64(38770.4), np.float64(38523.2), np.float64(38239.20000000001), np.float64(38591.0), np.float64(38356.2), np.float64(38799.600000000006), np.float64(38390.4), np.float64(38892.0), np.float64(38515.2), np.float64(38202.8), np.float64(38695.0), np.float64(38354.0), np.float64(38834.0), np.float64(38399.79999999999), np.float64(38815.399999999994), np.float64(38419.20000000001), np.float64(38792.799999999996), np.float64(38466.6), np.float64(38156.200000000004), np.float64(38604.8), np.float64(38312.99999999999), np.float64(38752.6), np.float64(38409.80000000001), np.float64(38841.600000000006), np.float64(38481.2), np.float64(38141.0), np.float64(38546.2), np.float64(38200.0), np.float64(38633.0), np.float64(38378.2), np.float64(38684.0), np.float64(38320.0), np.float64(38709.799999999996), np.float64(38387.0), np.float64(38763.6), np.float64(38359.0), np.float64(38753.600000000006), np.float64(38547.8), np.float64(38248.6), np.float64(38684.8), np.float64(38405.0), np.float64(38831.8), np.float64(38534.600000000006), np.float64(38246.00000000001), np.float64(38662.600000000006), np.float64(38399.20000000001), np.float64(38771.4), np.float64(38536.0), np.float64(38224.59999999999), np.float64(38580.600000000006), np.float64(38315.399999999994), np.float64(38672.8), np.float64(38380.4), np.float64(38747.0), np.float64(38429.399999999994), np.float64(38069.600000000006), np.float64(38444.4), np.float64(38184.00000000001), np.float64(38655.8), np.float64(38374.4), np.float64(38811.6), np.float64(38582.4), np.float64(38245.600000000006), np.float64(38669.2), np.float64(38390.00000000001), np.float64(38766.600000000006), np.float64(38434.200000000004), np.float64(38127.600000000006), np.float64(38550.600000000006), np.float64(38201.20000000001), np.float64(38620.8), np.float64(38248.200000000004), np.float64(38723.0), np.float64(38421.8), np.float64(38132.4), np.float64(38607.0), np.float64(38282.399999999994), np.float64(38669.2), np.float64(38340.2), np.float64(38773.4), np.float64(38460.4), np.float64(38092.8), np.float64(38580.399999999994), np.float64(38293.2), np.float64(38688.600000000006), np.float64(38364.2), np.float64(38737.8), np.float64(38375.0), np.float64(38789.0), np.float64(38546.4), np.float64(38116.600000000006), np.float64(38600.399999999994), np.float64(38199.59999999999), np.float64(38704.799999999996), np.float64(38330.0), np.float64(38778.8), np.float64(38411.2), np.float64(38803.4), np.float64(38451.4), np.float64(38128.19999999999), np.float64(38620.0), np.float64(38225.200000000004), np.float64(38663.4), np.float64(38292.600000000006)]"
9,4.199999999999999,1,"[np.float64(27751.000000000007), np.float64(31259.000000000007), np.float64(34632.80000000002), np.float64(36763.60000000002), np.float64(38102.00000000002), np.float64(38634.000000000015), np.float64(39025.20000000003), np.float64(39250.0), np.float64(38712.80000000002), np.float64(39299.8), np.float64(38869.2), np.float64(38339.40000000001), np.float64(39057.8), np.float64(38574.400000000016), np.float64(39142.6), np.float64(38709.600000000006), np.float64(39241.8), np.float64(38880.2), np.float64(38462.60000000003), np.float64(39059.2), np.float64(38517.400000000016), np.float64(39121.600000000006), np.float64(38649.8), np.float64(38141.400000000016), np.float64(38811.0), np.float64(38353.000000000015), np.float64(38983.8), np.float64(38539.60000000003), np.float64(39051.399999999994), np.float64(38629.0), np.float64(38132.80000000001), np.float64(38787.8), np.float64(38305.60000000002), np.float64(38908.2), np.float64(38468.400000000016), np.float64(39010.600000000006), np.float64(38676.8), np.float64(38221.60000000001), np.float64(38874.8), np.float64(38556.40000000004), np.float64(38969.8), np.float64(38735.2), np.float64(38262.60000000003), np.float64(38848.2), np.float64(38448.20000000001), np.float64(38996.200000000004), np.float64(38651.6), np.float64(38194.80000000002), np.float64(38757.0), np.float64(38310.400000000016), np.float64(38860.2), np.float64(38489.200000000026), np.float64(38932.0), np.float64(38556.400000000016), np.float64(39043.0), np.float64(38699.600000000006), np.float64(38259.60000000001), np.float64(38785.6), np.float64(38392.80000000001), np.float64(38887.8), np.float64(38551.0), np.float64(38241.40000000002), np.float64(38728.4), np.float64(38396.20000000001), np.float64(38810.0), np.float64(38373.40000000004), np.float64(38899.600000000006), np.float64(38538.60000000002), np.float64(39005.0), np.float64(38577.2), np.float64(38262.60000000003), np.float64(38760.2), np.float64(38424.20000000001), np.float64(38906.8), np.float64(38588.8), np.float64(38231.40000000002), np.float64(38732.399999999994), np.float64(38406.80000000001), np.float64(38830.4), np.float64(38539.4), np.float64(38209.400000000016), np.float64(38761.0), np.float64(38366.20000000003), np.float64(38795.2), np.float64(38406.400000000016), np.float64(38821.399999999994), np.float64(38488.400000000016), np.float64(38918.0), np.float64(38640.6), np.float64(38339.200000000004), np.float64(38757.4), np.float64(38439.60000000001), np.float64(38855.2), np.float64(38493.2), np.float64(38032.40000000002), np.float64(38575.8), np.float64(38257.00000000002), np.float64(38681.8), np.float64(38358.40000000003), np.float64(38840.399999999994), np.float64(38462.800000000025), np.float64(38834.0), np.float64(38464.80000000001), np.float64(38941.8), np.float64(38676.600000000006), np.float64(38356.60000000002), np.float64(38870.600000000006), np.float64(38449.20000000002), np.float64(38912.8), np.float64(38573.799999999996), np.float64(38152.60000000002), np.float64(38671.2), np.float64(38186.20000000001), np.float64(38721.600000000006), np.float64(38338.40000000002), np.float64(38820.8), np.float64(38407.60000000001), np.float64(38848.6), np.float64(38515.6), np.float64(38104.20000000002), np.float64(38683.600000000006), np.float64(38286.40000000001), np.float64(38849.0), np.float64(38498.80000000002), np.float64(38979.2), np.float64(38638.2), np.float64(38283.40000000002), np.float64(38786.0), np.float64(38450.20000000002), np.float64(38925.0), np.float64(38551.399999999994), np.float64(38309.20000000002), np.float64(38850.399999999994), np.float64(38474.20000000001), np.float64(38923.4), np.float64(38568.4), np.float64(38171.80000000002), np.float64(38747.4), np.float64(38354.00000000002), np.float64(38870.399999999994), np.float64(38501.00000000002), np.float64(38905.2), np.float64(38589.600000000006), np.float64(38259.000000000015), np.float64(38791.2), np.float64(38502.0), np.float64(38139.20000000003), np.float64(38660.2), np.float64(38289.00000000002), np.float64(38759.0), np.float64(38448.60000000002), np.float64(38850.0), np.float64(38595.600000000006), np.float64(38231.80000000002), np.float64(38705.8), np.float64(38395.00000000003), np.float64(38814.8), np.float64(38478.0), np.float64(38100.400000000016), np.float64(38532.6), np.float64(38230.20000000002), np.float64(38627.600000000006), np.float64(38274.00000000002), np.float64(38691.4), np.float64(38400.60000000002), np.float64(38849.0), np.float64(38624.4), np.float64(38262.20000000001), np.float64(38690.8), np.float64(38405.20000000002), np.float64(38783.2), np.float64(38566.0), np.float64(38143.00000000002), np.float64(38565.6), np.float64(38148.00000000001), np.float64(38656.4), np.float64(38255.40000000003), np.float64(38657.4), np.float64(38402.40000000003), np.float64(38796.6), np.float64(38493.2), np.float64(38064.80000000001), np.float64(38538.799999999996), np.float64(38249.60000000001), np.float64(38663.399999999994), np.float64(38453.0), np.float64(38083.800000000025), np.float64(38547.6), np.float64(38269.400000000016), np.float64(38729.8), np.float64(38405.200000000026), np.float64(38796.0), np.float64(38547.4), np.float64(38292.800000000025), np.float64(38739.6), np.float64(38373.400000000016), np.float64(38750.2), np.float64(38500.8), np.float64(38220.200000000026), np.float64(38698.6), np.float64(38363.40000000003), np.float64(38746.399999999994), np.float64(38484.600000000006), np.float64(38243.800000000025), np.float64(38679.600000000006), np.float64(38388.20000000002), np.float64(38824.799999999996), np.float64(38599.6), np.float64(38242.800000000025), np.float64(38605.8), np.float64(38349.20000000002), np.float64(38750.799999999996), np.float64(38459.600000000006), np.float64(38105.400000000016), np.float64(38558.0), np.float64(38297.20000000002), np.float64(38733.8), np.float64(38454.799999999996), np.float64(38103.400000000016), np.float64(38486.2), np.float64(38231.20000000002), np.float64(38636.8), np.float64(38332.60000000002), np.float64(38667.0), np.float64(38516.8), np.float64(38283.20000000001), np.float64(38659.0), np.float64(38410.2), np.float64(38115.800000000025), np.float64(38475.8), np.float64(38212.20000000001), np.float64(38577.600000000006), np.float64(38349.80000000002), np.float64(38714.2), np.float64(38379.0), np.float64(38104.200000000026), np.float64(38478.399999999994), np.float64(38205.60000000003), np.float64(38554.0), np.float64(38322.400000000016), np.float64(38701.4), np.float64(38414.0), np.float64(38102.60000000002), np.float64(38411.2), np.float64(38227.20000000002), np.float64(38546.0), np.float64(38337.200000000004), np.float64(38706.2), np.float64(38481.4), np.float64(38260.00000000002)]"
9,4.299999999999999,1,"[np.float64(27933.19999999999), np.float64(31223.599999999995), np.float64(34570.8), np.float64(37011.59999999999), np.float64(38130.200000000004), np.float64(38765.999999999985), np.float64(39112.0), np.float64(38325.0), np.float64(39189.6), np.float64(38645.200000000004), np.float64(39259.8), np.float64(38882.8), np.float64(38441.79999999999), np.float64(39094.399999999994), np.float64(38628.799999999996), np.float64(39149.0), np.float64(38764.0), np.float64(38310.19999999999), np.float64(38931.799999999996), np.float64(38386.0), np.float64(38999.2), np.float64(38614.2), np.float64(39104.0), np.float64(38711.4), np.float64(38320.2), np.float64(38870.6), np.float64(38394.8), np.float64(38969.8), np.float64(38611.00000000001), np.float64(39126.4), np.float64(38730.0), np.float64(38347.4), np.float64(38939.0), np.float64(38615.40000000001), np.float64(39096.59999999999), np.float64(38779.0), np.float64(38384.2), np.float64(38892.4), np.float64(38457.799999999996), np.float64(38988.2), np.float64(38551.19999999999), np.float64(39058.6), np.float64(38704.600000000006), np.float64(38231.2), np.float64(38777.8), np.float64(38384.200000000004), np.float64(38923.600000000006), np.float64(38425.99999999999), np.float64(38956.600000000006), np.float64(38630.4), np.float64(38266.4), np.float64(38852.4), np.float64(38465.600000000006), np.float64(38950.4), np.float64(38569.399999999994), np.float64(38182.19999999999), np.float64(38723.2), np.float64(38217.79999999999), np.float64(38802.8), np.float64(38372.99999999998), np.float64(38901.0), np.float64(38513.8), np.float64(38861.600000000006), np.float64(38601.59999999999), np.float64(38228.200000000004), np.float64(38777.6), np.float64(38364.99999999999), np.float64(38912.600000000006), np.float64(38462.19999999999), np.float64(38909.6), np.float64(38514.0), np.float64(38120.799999999996), np.float64(38641.200000000004), np.float64(38339.19999999999), np.float64(38815.0), np.float64(38565.8), np.float64(38161.200000000004), np.float64(38639.6), np.float64(38236.0), np.float64(38778.399999999994), np.float64(38412.799999999996), np.float64(38836.399999999994), np.float64(38534.2), np.float64(38149.19999999999), np.float64(38708.399999999994), np.float64(38290.599999999984), np.float64(38721.2), np.float64(38456.799999999996), np.float64(38887.6), np.float64(38554.6), np.float64(38270.00000000001), np.float64(38701.8), np.float64(38329.799999999996), np.float64(38799.0), np.float64(38468.99999999999), np.float64(38902.0), np.float64(38630.0), np.float64(38243.19999999999), np.float64(38710.8), np.float64(38383.8), np.float64(38764.399999999994), np.float64(38541.6), np.float64(38237.19999999999), np.float64(38681.6), np.float64(38323.0), np.float64(38790.2), np.float64(38432.19999999999), np.float64(38888.0), np.float64(38613.2), np.float64(38202.399999999994), np.float64(38672.6), np.float64(38304.599999999984), np.float64(38784.4), np.float64(38480.6), np.float64(38165.799999999996), np.float64(38591.6), np.float64(38287.200000000004), np.float64(38738.399999999994), np.float64(38392.599999999984), np.float64(38837.600000000006), np.float64(38578.399999999994), np.float64(38263.59999999999), np.float64(38762.0), np.float64(38336.79999999999), np.float64(38796.6), np.float64(38571.8), np.float64(38176.599999999984), np.float64(38718.8), np.float64(38333.99999999999), np.float64(38772.399999999994), np.float64(38479.2), np.float64(38130.8), np.float64(38625.2), np.float64(38321.600000000006), np.float64(38800.399999999994), np.float64(38488.2), np.float64(38101.2), np.float64(38606.399999999994), np.float64(38248.4), np.float64(38748.2), np.float64(38314.99999999998), np.float64(38790.0), np.float64(38376.20000000001), np.float64(38890.2), np.float64(38559.4), np.float64(38156.59999999999), np.float64(38711.6), np.float64(38370.799999999996), np.float64(38918.2), np.float64(38629.4), np.float64(38211.59999999999), np.float64(38734.6), np.float64(38428.4), np.float64(38948.4), np.float64(38658.0), np.float64(38357.399999999994), np.float64(38872.0), np.float64(38513.8), np.float64(38110.6), np.float64(38643.799999999996), np.float64(38225.39999999999), np.float64(38689.4), np.float64(38353.4), np.float64(38838.8), np.float64(38480.00000000001), np.float64(38947.0), np.float64(38643.4), np.float64(38349.799999999996), np.float64(38880.399999999994), np.float64(38503.0), np.float64(38982.0), np.float64(38526.799999999996), np.float64(38135.79999999999), np.float64(38738.0), np.float64(38386.99999999999), np.float64(38867.6), np.float64(38501.4), np.float64(38133.8), np.float64(38635.799999999996), np.float64(38264.0), np.float64(38784.2), np.float64(38422.39999999999), np.float64(38845.2), np.float64(38525.2), np.float64(38174.80000000001), np.float64(38650.6), np.float64(38340.599999999984), np.float64(38735.6), np.float64(38431.8), np.float64(38158.2), np.float64(38580.0), np.float64(38184.6), np.float64(38640.8), np.float64(38326.4), np.float64(38762.6), np.float64(38462.200000000004), np.float64(38140.40000000001), np.float64(38665.600000000006), np.float64(38341.99999999999), np.float64(38815.4), np.float64(38470.799999999996), np.float64(38965.2), np.float64(38614.2), np.float64(38277.2), np.float64(38779.8), np.float64(38445.60000000001), np.float64(38896.2), np.float64(38544.6), np.float64(38177.19999999999), np.float64(38665.8), np.float64(38187.4), np.float64(38692.399999999994), np.float64(38326.00000000001), np.float64(38760.0), np.float64(38492.2), np.float64(38164.399999999994), np.float64(38656.2), np.float64(38334.600000000006), np.float64(38759.0), np.float64(38333.79999999998), np.float64(38818.2), np.float64(38530.399999999994), np.float64(38193.6), np.float64(38659.0), np.float64(38280.799999999996), np.float64(38732.8), np.float64(38366.60000000001), np.float64(38774.4), np.float64(38510.8), np.float64(38223.200000000004), np.float64(38670.399999999994), np.float64(38361.000000000015), np.float64(38841.0), np.float64(38496.0), np.float64(38188.20000000001), np.float64(38660.399999999994), np.float64(38246.200000000004), np.float64(38643.8), np.float64(38336.6), np.float64(38774.8), np.float64(38423.0), np.float64(38862.8), np.float64(38451.0), np.float64(38121.399999999994), np.float64(38589.8), np.float64(38328.59999999999), np.float64(38712.399999999994), np.float64(38388.00000000001), np.float64(38767.4), np.float64(38431.4)]"
9,4.399999999999999,1,"[np.float64(27821.2), np.float64(31411.199999999997), np.float64(35005.0), np.float64(37050.600000000006), np.float64(38273.00000000001), np.float64(38830.6), np.float64(39221.399999999994), np.float64(38568.200000000004), np.float64(39222.2), np.float64(38759.6), np.float64(39303.4), np.float64(38975.200000000004), np.float64(38446.00000000001), np.float64(39066.6), np.float64(38607.200000000004), np.float64(39163.0), np.float64(38715.8), np.float64(38293.20000000002), np.float64(38927.8), np.float64(38439.8), np.float64(39004.2), np.float64(38555.200000000004), np.float64(39089.8), np.float64(38657.600000000006), np.float64(38260.6), np.float64(38885.8), np.float64(38409.200000000004), np.float64(38953.200000000004), np.float64(38605.2), np.float64(38232.000000000015), np.float64(38853.0), np.float64(38344.8), np.float64(38951.8), np.float64(38510.20000000001), np.float64(39082.8), np.float64(38724.6), np.float64(38312.4), np.float64(38952.4), np.float64(38500.80000000001), np.float64(39079.0), np.float64(38679.0), np.float64(38237.40000000001), np.float64(38850.8), np.float64(38472.400000000016), np.float64(38961.799999999996), np.float64(38559.6), np.float64(38113.4), np.float64(38734.2), np.float64(38323.400000000016), np.float64(38898.799999999996), np.float64(38507.200000000004), np.float64(38980.4), np.float64(38575.6), np.float64(38087.0), np.float64(38747.600000000006), np.float64(38292.80000000001), np.float64(38873.6), np.float64(38407.400000000016), np.float64(38923.600000000006), np.float64(38523.200000000004), np.float64(39023.2), np.float64(38671.4), np.float64(38264.0), np.float64(38766.0), np.float64(38311.000000000015), np.float64(38925.600000000006), np.float64(38524.8), np.float64(38162.80000000002), np.float64(38699.399999999994), np.float64(38273.00000000001), np.float64(38844.2), np.float64(38484.00000000001), np.float64(39018.2), np.float64(38689.0), np.float64(38308.6), np.float64(38828.4), np.float64(38404.40000000001), np.float64(38903.8), np.float64(38599.399999999994), np.float64(38183.400000000016), np.float64(38674.0), np.float64(38270.799999999996), np.float64(38843.2), np.float64(38447.80000000001), np.float64(38892.0), np.float64(38561.600000000006), np.float64(38112.00000000001), np.float64(38719.6), np.float64(38292.40000000001), np.float64(38808.6), np.float64(38468.80000000001), np.float64(38902.6), np.float64(38604.2), np.float64(38229.200000000004), np.float64(38731.0), np.float64(38456.60000000001), np.float64(38926.0), np.float64(38662.2), np.float64(38193.8), np.float64(38755.0), np.float64(38452.400000000016), np.float64(38906.6), np.float64(38615.0), np.float64(38314.600000000006), np.float64(38816.2), np.float64(38467.600000000006), np.float64(38989.8), np.float64(38601.200000000004), np.float64(38189.00000000001), np.float64(38739.2), np.float64(38367.4), np.float64(38870.40000000001), np.float64(38530.6), np.float64(38159.80000000001), np.float64(38716.2), np.float64(38335.600000000006), np.float64(38830.600000000006), np.float64(38520.200000000004), np.float64(38139.00000000002), np.float64(38644.799999999996), np.float64(38357.40000000001), np.float64(38840.2), np.float64(38508.2), np.float64(38123.80000000001), np.float64(38676.4), np.float64(38336.6), np.float64(38770.4), np.float64(38381.60000000001), np.float64(38793.4), np.float64(38473.80000000002), np.float64(38910.6), np.float64(38650.399999999994), np.float64(38254.00000000002), np.float64(38806.2), np.float64(38510.400000000016), np.float64(38972.4), np.float64(38646.8), np.float64(38252.6), np.float64(38719.4), np.float64(38411.6), np.float64(38933.4), np.float64(38633.2), np.float64(38197.80000000001), np.float64(38757.8), np.float64(38432.20000000002), np.float64(38813.8), np.float64(38536.0), np.float64(38138.400000000016), np.float64(38680.2), np.float64(38275.80000000002), np.float64(38686.4), np.float64(38326.20000000001), np.float64(38792.8), np.float64(38471.200000000004), np.float64(38876.2), np.float64(38561.0), np.float64(38189.200000000026), np.float64(38755.600000000006), np.float64(38392.60000000001), np.float64(38855.799999999996), np.float64(38489.4), np.float64(38159.4), np.float64(38604.6), np.float64(38290.600000000006), np.float64(38750.2), np.float64(38428.600000000006), np.float64(38888.4), np.float64(38539.6), np.float64(38200.80000000002), np.float64(38595.6), np.float64(38341.40000000001), np.float64(38801.2), np.float64(38560.200000000004), np.float64(38198.00000000001), np.float64(38701.8), np.float64(38390.60000000001), np.float64(38800.600000000006), np.float64(38566.0), np.float64(38125.40000000001), np.float64(38554.8), np.float64(38217.6), np.float64(38696.0), np.float64(38428.00000000001), np.float64(38834.8), np.float64(38555.0), np.float64(38333.400000000016), np.float64(38825.4), np.float64(38495.2), np.float64(38179.00000000001), np.float64(38586.0), np.float64(38326.4), np.float64(38765.4), np.float64(38472.600000000006), np.float64(38191.40000000001), np.float64(38586.6), np.float64(38229.6), np.float64(38667.600000000006), np.float64(38327.40000000001), np.float64(38787.8), np.float64(38512.200000000004), np.float64(38189.799999999996), np.float64(38695.0), np.float64(38358.40000000002), np.float64(38803.0), np.float64(38476.0), np.float64(38164.600000000006), np.float64(38687.399999999994), np.float64(38446.2), np.float64(38162.40000000001), np.float64(38581.2), np.float64(38324.60000000002), np.float64(38778.8), np.float64(38531.2), np.float64(38132.60000000001), np.float64(38558.200000000004), np.float64(38270.00000000001), np.float64(38719.0), np.float64(38327.40000000001), np.float64(38769.399999999994), np.float64(38511.399999999994), np.float64(38204.60000000001), np.float64(38608.2), np.float64(38314.000000000015), np.float64(38660.6), np.float64(38435.8), np.float64(38125.000000000015), np.float64(38549.8), np.float64(38277.8), np.float64(38688.600000000006), np.float64(38363.60000000001), np.float64(38752.2), np.float64(38467.8), np.float64(38229.60000000001), np.float64(38634.8), np.float64(38343.60000000001), np.float64(38738.4), np.float64(38420.0), np.float64(38090.400000000016), np.float64(38512.8), np.float64(38243.4), np.float64(38698.399999999994), np.float64(38465.6), np.float64(38164.80000000001), np.float64(38611.200000000004), np.float64(38335.20000000001), np.float64(38772.8), np.float64(38506.6), np.float64(38149.00000000002), np.float64(38573.0), np.float64(38303.00000000001)]"
9,4.499999999999998,1,"[np.float64(27580.800000000003), np.float64(31218.600000000002), np.float64(34973.20000000001), np.float64(37262.600000000006), np.float64(38456.000000000015), np.float64(39089.2), np.float64(38341.59999999999), np.float64(39192.2), np.float64(38674.0), np.float64(39268.2), np.float64(38891.6), np.float64(38359.40000000001), np.float64(39067.2), np.float64(38607.40000000001), np.float64(39207.6), np.float64(38851.600000000006), np.float64(38444.59999999999), np.float64(39001.0), np.float64(38634.8), np.float64(39149.8), np.float64(38782.2), np.float64(38308.0), np.float64(39022.600000000006), np.float64(38581.40000000001), np.float64(39182.399999999994), np.float64(38828.2), np.float64(38451.8), np.float64(38981.0), np.float64(38487.59999999999), np.float64(39079.0), np.float64(38686.6), np.float64(38266.600000000006), np.float64(38872.4), np.float64(38482.000000000015), np.float64(39011.8), np.float64(38609.0), np.float64(38206.2), np.float64(38812.8), np.float64(38373.600000000006), np.float64(38977.2), np.float64(38591.6), np.float64(38212.600000000006), np.float64(38855.6), np.float64(38468.2), np.float64(39061.2), np.float64(38672.4), np.float64(38318.600000000006), np.float64(38940.600000000006), np.float64(38572.4), np.float64(38153.8), np.float64(38790.4), np.float64(38358.2), np.float64(38918.8), np.float64(38522.40000000001), np.float64(39056.200000000004), np.float64(38719.6), np.float64(38395.600000000006), np.float64(38931.799999999996), np.float64(38505.0), np.float64(38995.8), np.float64(38668.2), np.float64(38384.399999999994), np.float64(38876.8), np.float64(38525.8), np.float64(38197.8), np.float64(38744.0), np.float64(38317.2), np.float64(38815.399999999994), np.float64(38567.4), np.float64(38135.0), np.float64(38723.2), np.float64(38388.8), np.float64(38904.6), np.float64(38536.4), np.float64(38109.8), np.float64(38696.6), np.float64(38376.8), np.float64(38918.0), np.float64(38475.2), np.float64(38996.200000000004), np.float64(38657.0), np.float64(38357.40000000001), np.float64(38900.799999999996), np.float64(38539.40000000001), np.float64(38987.2), np.float64(38585.0), np.float64(38181.40000000001), np.float64(38726.6), np.float64(38366.40000000001), np.float64(38932.2), np.float64(38590.2), np.float64(38233.2), np.float64(38725.0), np.float64(38358.8), np.float64(38852.2), np.float64(38524.399999999994), np.float64(38219.2), np.float64(38780.4), np.float64(38377.399999999994), np.float64(38870.2), np.float64(38530.4), np.float64(38052.59999999999), np.float64(38625.8), np.float64(38182.2), np.float64(38792.2), np.float64(38426.0), np.float64(38984.2), np.float64(38623.399999999994), np.float64(38202.999999999985), np.float64(38766.6), np.float64(38463.59999999999), np.float64(38918.399999999994), np.float64(38608.0), np.float64(38171.40000000001), np.float64(38680.8), np.float64(38347.2), np.float64(38816.0), np.float64(38513.8), np.float64(38161.8), np.float64(38713.6), np.float64(38374.000000000015), np.float64(38777.2), np.float64(38524.0), np.float64(38180.40000000001), np.float64(38690.2), np.float64(38227.8), np.float64(38709.0), np.float64(38365.8), np.float64(38835.2), np.float64(38525.6), np.float64(38194.600000000006), np.float64(38772.2), np.float64(38340.600000000006), np.float64(38822.0), np.float64(38481.0), np.float64(38985.2), np.float64(38655.2), np.float64(38376.40000000001), np.float64(38858.399999999994), np.float64(38502.2), np.float64(38160.59999999999), np.float64(38654.4), np.float64(38290.40000000001), np.float64(38822.2), np.float64(38428.8), np.float64(38918.2), np.float64(38637.200000000004), np.float64(38249.59999999999), np.float64(38778.200000000004), np.float64(38383.2), np.float64(38874.8), np.float64(38602.2), np.float64(38268.8), np.float64(38773.6), np.float64(38436.59999999999), np.float64(38882.4), np.float64(38478.600000000006), np.float64(38943.2), np.float64(38629.2), np.float64(38292.600000000006), np.float64(38793.8), np.float64(38502.8), np.float64(38925.8), np.float64(38595.6), np.float64(38254.40000000001), np.float64(38738.0), np.float64(38456.59999999999), np.float64(38914.0), np.float64(38560.4), np.float64(38139.600000000006), np.float64(38714.399999999994), np.float64(38324.2), np.float64(38856.8), np.float64(38532.2), np.float64(38150.8), np.float64(38669.0), np.float64(38323.600000000006), np.float64(38803.0), np.float64(38364.40000000001), np.float64(38851.0), np.float64(38491.2), np.float64(38118.60000000002), np.float64(38656.0), np.float64(38313.399999999994), np.float64(38811.6), np.float64(38576.8), np.float64(38148.000000000015), np.float64(38634.8), np.float64(38179.60000000002), np.float64(38685.0), np.float64(38238.8), np.float64(38748.4), np.float64(38420.40000000001), np.float64(38884.6), np.float64(38589.40000000001), np.float64(38269.399999999994), np.float64(38747.600000000006), np.float64(38418.8), np.float64(38817.600000000006), np.float64(38453.600000000006), np.float64(38946.4), np.float64(38596.0), np.float64(38193.59999999999), np.float64(38755.200000000004), np.float64(38380.8), np.float64(38854.4), np.float64(38495.200000000004), np.float64(38126.40000000001), np.float64(38640.8), np.float64(38340.8), np.float64(38768.8), np.float64(38464.8), np.float64(38948.8), np.float64(38641.6), np.float64(38317.59999999999), np.float64(38843.2), np.float64(38400.0), np.float64(38856.0), np.float64(38524.8), np.float64(38190.40000000001), np.float64(38749.6), np.float64(38400.0), np.float64(38873.6), np.float64(38524.8), np.float64(38206.40000000001), np.float64(38756.8), np.float64(38358.40000000001), np.float64(38768.799999999996), np.float64(38476.0), np.float64(38168.2), np.float64(38746.6), np.float64(38317.8), np.float64(38811.2), np.float64(38476.0), np.float64(38172.000000000015), np.float64(38670.4), np.float64(38343.40000000001), np.float64(38842.399999999994), np.float64(38501.8), np.float64(38158.2), np.float64(38712.2), np.float64(38286.79999999999), np.float64(38781.600000000006), np.float64(38436.000000000015), np.float64(38886.4), np.float64(38613.0), np.float64(38252.0), np.float64(38715.2), np.float64(38383.40000000001), np.float64(38829.6)]"
9,4.599999999999998,1,"[np.float64(27855.4), np.float64(31826.799999999996), np.float64(35392.39999999999), np.float64(37457.19999999999), np.float64(38645.39999999998), np.float64(39202.6), np.float64(38501.59999999999), np.float64(39193.2), np.float64(38756.99999999998), np.float64(39258.2), np.float64(38945.0), np.float64(38474.19999999999), np.float64(39129.0), np.float64(38696.0), np.float64(38228.99999999998), np.float64(38947.0), np.float64(38526.599999999984), np.float64(39052.8), np.float64(38614.599999999984), np.float64(39125.600000000006), np.float64(38772.200000000004), np.float64(38318.19999999999), np.float64(38921.8), np.float64(38606.2), np.float64(38058.19999999998), np.float64(38699.399999999994), np.float64(38212.399999999994), np.float64(38839.8), np.float64(38392.39999999999), np.float64(38937.4), np.float64(38561.999999999985), np.float64(39064.2), np.float64(38768.8), np.float64(38331.39999999999), np.float64(38896.8), np.float64(38466.79999999999), np.float64(38931.0), np.float64(38596.2), np.float64(38182.39999999998), np.float64(38798.8), np.float64(38465.79999999998), np.float64(39017.399999999994), np.float64(38726.399999999994), np.float64(38362.59999999998), np.float64(38880.59999999999), np.float64(38442.19999999998), np.float64(38949.4), np.float64(38617.399999999994), np.float64(38325.59999999999), np.float64(38969.799999999996), np.float64(38593.2), np.float64(38156.99999999999), np.float64(38669.0), np.float64(38327.59999999999), np.float64(38824.2), np.float64(38480.2), np.float64(38902.0), np.float64(38665.8), np.float64(38239.399999999994), np.float64(38841.6), np.float64(38419.599999999984), np.float64(38901.6), np.float64(38592.399999999994), np.float64(38232.79999999999), np.float64(38813.0), np.float64(38496.39999999998), np.float64(38917.0), np.float64(38480.6), np.float64(38982.6), np.float64(38596.0), np.float64(38285.79999999999), np.float64(38788.799999999996), np.float64(38556.6), np.float64(38194.39999999997), np.float64(38732.8), np.float64(38334.19999999998), np.float64(38808.399999999994), np.float64(38509.999999999985), np.float64(39000.399999999994), np.float64(38668.8), np.float64(38320.99999999997), np.float64(38818.399999999994), np.float64(38532.2), np.float64(38094.99999999999), np.float64(38695.200000000004), np.float64(38267.39999999999), np.float64(38729.799999999996), np.float64(38429.599999999984), np.float64(38873.8), np.float64(38579.8), np.float64(38191.2), np.float64(38725.600000000006), np.float64(38423.79999999999), np.float64(38900.0), np.float64(38573.2), np.float64(38193.999999999985), np.float64(38688.6), np.float64(38311.39999999999), np.float64(38780.0), np.float64(38474.799999999974), np.float64(38926.2), np.float64(38571.600000000006), np.float64(38237.79999999998), np.float64(38707.399999999994), np.float64(38513.0), np.float64(38144.19999999998), np.float64(38758.0), np.float64(38429.59999999999), np.float64(38939.6), np.float64(38552.2), np.float64(38116.19999999998), np.float64(38633.0), np.float64(38326.59999999999), np.float64(38821.2), np.float64(38544.6), np.float64(38148.99999999998), np.float64(38601.4), np.float64(38215.999999999985), np.float64(38697.399999999994), np.float64(38390.599999999984), np.float64(38838.8), np.float64(38590.2), np.float64(38216.39999999997), np.float64(38731.0), np.float64(38391.39999999998), np.float64(38804.4), np.float64(38522.8), np.float64(38203.599999999984), np.float64(38714.8), np.float64(38422.39999999998), np.float64(38894.4), np.float64(38615.600000000006), np.float64(38257.19999999998), np.float64(38692.799999999996), np.float64(38387.19999999998), np.float64(38808.2), np.float64(38531.2), np.float64(38262.599999999984), np.float64(38755.8), np.float64(38414.999999999985), np.float64(38859.4), np.float64(38575.799999999996), np.float64(38188.79999999999), np.float64(38654.8), np.float64(38364.999999999985), np.float64(38793.0), np.float64(38573.8), np.float64(38162.59999999998), np.float64(38649.600000000006), np.float64(38331.19999999998), np.float64(38757.600000000006), np.float64(38424.0), np.float64(38094.39999999998), np.float64(38556.0), np.float64(38246.79999999999), np.float64(38740.8), np.float64(38311.39999999998), np.float64(38752.200000000004), np.float64(38490.6), np.float64(38138.39999999997), np.float64(38614.8), np.float64(38301.39999999998), np.float64(38757.8), np.float64(38472.6), np.float64(38146.79999999998), np.float64(38613.6), np.float64(38284.799999999974), np.float64(38717.2), np.float64(38523.6), np.float64(38204.39999999999), np.float64(38700.2), np.float64(38401.79999999998), np.float64(38872.0), np.float64(38541.0), np.float64(38248.39999999999), np.float64(38731.8), np.float64(38341.39999999999), np.float64(38821.6), np.float64(38422.599999999984), np.float64(38937.0), np.float64(38611.399999999994), np.float64(38184.19999999998), np.float64(38716.8), np.float64(38344.59999999998), np.float64(38796.6), np.float64(38541.4), np.float64(38133.39999999998), np.float64(38692.4), np.float64(38373.399999999994), np.float64(38785.0), np.float64(38522.0), np.float64(38090.999999999985), np.float64(38644.0), np.float64(38288.999999999985), np.float64(38812.59999999999), np.float64(38458.6), np.float64(38148.39999999999), np.float64(38639.4), np.float64(38351.399999999994), np.float64(38812.6), np.float64(38537.4), np.float64(38074.79999999999), np.float64(38563.600000000006), np.float64(38206.99999999998), np.float64(38697.2), np.float64(38368.59999999999), np.float64(38835.8), np.float64(38560.6), np.float64(38195.99999999998), np.float64(38760.0), np.float64(38392.19999999999), np.float64(38808.6), np.float64(38478.6), np.float64(38110.19999999998), np.float64(38634.8), np.float64(38301.199999999975), np.float64(38781.8), np.float64(38440.4), np.float64(38143.79999999999), np.float64(38670.8), np.float64(38410.799999999996), np.float64(38885.600000000006), np.float64(38516.0), np.float64(38101.79999999998), np.float64(38494.600000000006), np.float64(38217.999999999985), np.float64(38691.4), np.float64(38397.2), np.float64(38836.2), np.float64(38582.0), np.float64(38209.2), np.float64(38643.399999999994), np.float64(38308.59999999998), np.float64(38726.0), np.float64(38434.79999999998), np.float64(38818.799999999996), np.float64(38614.2), np.float64(38353.59999999998), np.float64(38875.8), np.float64(38471.8), np.float64(38090.599999999984), np.float64(38567.6), np.float64(38242.39999999998), np.float64(38764.6), np.float64(38456.0), np.float64(38008.199999999975), np.float64(38503.0), np.float64(38165.399999999994), np.float64(38625.8), np.float64(38391.39999999999)]"
9,4.6999999999999975,1,"[np.float64(27868.999999999993), np.float64(32153.0), np.float64(35973.8), np.float64(37903.4), np.float64(38841.8), np.float64(39314.0), np.float64(38795.00000000001), np.float64(39341.6), np.float64(38979.4), np.float64(38561.600000000006), np.float64(39174.399999999994), np.float64(38793.600000000006), np.float64(38385.80000000002), np.float64(38987.2), np.float64(38535.0), np.float64(39136.399999999994), np.float64(38753.399999999994), np.float64(38307.600000000006), np.float64(38959.0), np.float64(38429.40000000001), np.float64(38995.2), np.float64(38561.200000000004), np.float64(39090.4), np.float64(38719.4), np.float64(38197.4), np.float64(38930.0), np.float64(38458.600000000006), np.float64(38999.0), np.float64(38561.6), np.float64(38206.2), np.float64(38745.6), np.float64(38422.00000000001), np.float64(38963.2), np.float64(38637.2), np.float64(38287.399999999994), np.float64(38899.0), np.float64(38554.000000000015), np.float64(39072.600000000006), np.float64(38667.0), np.float64(38338.40000000001), np.float64(38893.0), np.float64(38522.2), np.float64(39043.0), np.float64(38763.2), np.float64(38484.600000000006), np.float64(39013.2), np.float64(38652.0), np.float64(38345.40000000001), np.float64(38879.6), np.float64(38515.2), np.float64(38047.200000000004), np.float64(38658.8), np.float64(38221.00000000001), np.float64(38760.6), np.float64(38492.59999999999), np.float64(38921.8), np.float64(38542.8), np.float64(38109.200000000004), np.float64(38649.2), np.float64(38290.80000000001), np.float64(38750.2), np.float64(38458.200000000004), np.float64(38931.6), np.float64(38668.600000000006), np.float64(38254.8), np.float64(38809.399999999994), np.float64(38443.20000000001), np.float64(38989.0), np.float64(38691.4), np.float64(38344.0), np.float64(38796.4), np.float64(38390.80000000001), np.float64(38895.2), np.float64(38632.0), np.float64(38296.60000000001), np.float64(38768.2), np.float64(38485.200000000004), np.float64(38990.6), np.float64(38635.4), np.float64(38262.200000000004), np.float64(38789.0), np.float64(38422.20000000001), np.float64(38924.2), np.float64(38595.399999999994), np.float64(38298.000000000015), np.float64(38800.4), np.float64(38467.00000000001), np.float64(38918.8), np.float64(38607.8), np.float64(38265.000000000015), np.float64(38721.8), np.float64(38370.000000000015), np.float64(38819.8), np.float64(38486.2), np.float64(38116.20000000001), np.float64(38692.6), np.float64(38390.40000000001), np.float64(38898.2), np.float64(38565.8), np.float64(38243.600000000006), np.float64(38790.600000000006), np.float64(38476.200000000004), np.float64(38134.200000000004), np.float64(38688.4), np.float64(38295.00000000001), np.float64(38763.2), np.float64(38512.399999999994), np.float64(38234.0), np.float64(38760.8), np.float64(38467.20000000001), np.float64(38940.6), np.float64(38572.0), np.float64(38060.00000000001), np.float64(38666.200000000004), np.float64(38309.400000000016), np.float64(38791.8), np.float64(38535.8), np.float64(38148.8), np.float64(38678.2), np.float64(38283.8), np.float64(38774.0), np.float64(38342.8), np.float64(38889.2), np.float64(38526.8), np.float64(38177.6), np.float64(38767.0), np.float64(38409.40000000001), np.float64(38942.8), np.float64(38621.2), np.float64(38308.400000000016), np.float64(38799.6), np.float64(38448.0), np.float64(38930.8), np.float64(38574.4), np.float64(38281.80000000001), np.float64(38788.6), np.float64(38516.6), np.float64(38125.40000000001), np.float64(38738.6), np.float64(38335.0), np.float64(38812.6), np.float64(38527.799999999996), np.float64(38224.20000000001), np.float64(38723.8), np.float64(38393.400000000016), np.float64(38886.0), np.float64(38564.8), np.float64(38168.399999999994), np.float64(38662.2), np.float64(38367.6), np.float64(38863.8), np.float64(38547.0), np.float64(38276.000000000015), np.float64(38745.399999999994), np.float64(38353.40000000001), np.float64(38815.600000000006), np.float64(38497.6), np.float64(38081.2), np.float64(38554.0), np.float64(38188.20000000002), np.float64(38710.2), np.float64(38396.8), np.float64(38770.8), np.float64(38513.0), np.float64(38118.2), np.float64(38599.8), np.float64(38228.0), np.float64(38681.2), np.float64(38454.8), np.float64(38138.80000000001), np.float64(38495.399999999994), np.float64(38245.8), np.float64(38646.600000000006), np.float64(38416.6), np.float64(38183.60000000002), np.float64(38565.0), np.float64(38253.2), np.float64(38688.200000000004), np.float64(38426.0), np.float64(38111.80000000002), np.float64(38560.4), np.float64(38288.400000000016), np.float64(38669.8), np.float64(38418.6), np.float64(38136.6), np.float64(38639.0), np.float64(38331.2), np.float64(38732.8), np.float64(38458.6), np.float64(38120.4), np.float64(38535.6), np.float64(38298.0), np.float64(38686.399999999994), np.float64(38393.0), np.float64(38095.80000000001), np.float64(38465.6), np.float64(38206.600000000006), np.float64(38589.8), np.float64(38369.6), np.float64(38113.00000000001), np.float64(38461.600000000006), np.float64(38150.60000000002), np.float64(38598.200000000004), np.float64(38375.0), np.float64(38137.60000000002), np.float64(38577.600000000006), np.float64(38322.59999999999), np.float64(38695.0), np.float64(38455.8), np.float64(38192.6), np.float64(38602.0), np.float64(38290.000000000015), np.float64(38696.0), np.float64(38461.6), np.float64(38177.600000000006), np.float64(38584.8), np.float64(38412.799999999996), np.float64(38193.6), np.float64(38624.0), np.float64(38400.80000000001), np.float64(38847.2), np.float64(38527.200000000004), np.float64(38237.6), np.float64(38672.0), np.float64(38381.8), np.float64(38880.8), np.float64(38612.0), np.float64(38267.2), np.float64(38676.0), np.float64(38318.40000000001), np.float64(38759.2), np.float64(38525.6), np.float64(38186.80000000001), np.float64(38641.0), np.float64(38316.20000000002), np.float64(38670.4), np.float64(38499.2), np.float64(38166.40000000001), np.float64(38602.399999999994), np.float64(38373.600000000006), np.float64(38820.8), np.float64(38516.0), np.float64(38192.200000000004), np.float64(38649.6), np.float64(38379.20000000001), np.float64(38789.6), np.float64(38509.8), np.float64(38118.0), np.float64(38610.0), np.float64(38252.60000000001)]"
9,4.799999999999997,1,"[np.float64(27887.600000000006), np.float64(32421.20000000001), np.float64(36095.40000000001), np.float64(38041.6), np.float64(38936.799999999996), np.float64(39308.2), np.float64(38902.4), np.float64(38385.200000000004), np.float64(39141.0), np.float64(38645.600000000006), np.float64(39297.4), np.float64(38851.8), np.float64(38462.200000000004), np.float64(39082.200000000004), np.float64(38705.0), np.float64(38178.0), np.float64(38923.399999999994), np.float64(38499.19999999999), np.float64(39116.6), np.float64(38724.399999999994), np.float64(38153.6), np.float64(38886.4), np.float64(38485.200000000004), np.float64(39064.6), np.float64(38666.00000000001), np.float64(38219.2), np.float64(38889.8), np.float64(38463.200000000004), np.float64(39018.2), np.float64(38635.0), np.float64(38140.200000000004), np.float64(38857.0), np.float64(38463.600000000006), np.float64(39056.0), np.float64(38650.8), np.float64(38299.4), np.float64(38859.600000000006), np.float64(38446.400000000016), np.float64(38963.6), np.float64(38631.0), np.float64(38301.99999999999), np.float64(38894.0), np.float64(38580.8), np.float64(38160.600000000006), np.float64(38772.399999999994), np.float64(38452.799999999996), np.float64(38976.8), np.float64(38678.8), np.float64(38372.4), np.float64(38941.6), np.float64(38573.6), np.float64(38117.8), np.float64(38818.0), np.float64(38359.99999999999), np.float64(38987.6), np.float64(38610.59999999999), np.float64(38246.6), np.float64(38828.6), np.float64(38457.4), np.float64(38872.0), np.float64(38575.59999999999), np.float64(38157.200000000004), np.float64(38679.4), np.float64(38402.6), np.float64(38888.6), np.float64(38563.8), np.float64(38365.99999999999), np.float64(38892.6), np.float64(38615.0), np.float64(38227.0), np.float64(38767.0), np.float64(38444.4), np.float64(38976.799999999996), np.float64(38623.4), np.float64(38355.00000000001), np.float64(38836.2), np.float64(38509.2), np.float64(38113.400000000016), np.float64(38679.8), np.float64(38393.00000000001), np.float64(38838.8), np.float64(38490.8), np.float64(38051.0), np.float64(38544.8), np.float64(38268.60000000001), np.float64(38738.399999999994), np.float64(38447.799999999996), np.float64(38821.6), np.float64(38543.6), np.float64(38108.00000000001), np.float64(38627.2), np.float64(38347.6), np.float64(38779.399999999994), np.float64(38515.399999999994), np.float64(38206.0), np.float64(38632.2), np.float64(38355.39999999999), np.float64(38727.399999999994), np.float64(38423.0), np.float64(38152.8), np.float64(38638.600000000006), np.float64(38389.200000000004), np.float64(38819.2), np.float64(38602.0), np.float64(38328.2), np.float64(38773.6), np.float64(38521.2), np.float64(38269.00000000001), np.float64(38674.4), np.float64(38473.4), np.float64(38192.6), np.float64(38678.2), np.float64(38350.99999999999), np.float64(38741.8), np.float64(38483.8), np.float64(38154.8), np.float64(38625.0), np.float64(38352.599999999984), np.float64(38730.2), np.float64(38498.2), np.float64(38191.00000000001), np.float64(38611.4), np.float64(38300.20000000001), np.float64(38764.799999999996), np.float64(38461.8), np.float64(38180.59999999999), np.float64(38569.200000000004), np.float64(38402.6), np.float64(38796.4), np.float64(38583.200000000004), np.float64(38234.799999999996), np.float64(38679.2), np.float64(38332.19999999998), np.float64(38776.4), np.float64(38521.2), np.float64(38180.8), np.float64(38594.399999999994), np.float64(38288.00000000001), np.float64(38713.2), np.float64(38476.4), np.float64(38117.2), np.float64(38589.2), np.float64(38312.399999999994), np.float64(38758.399999999994), np.float64(38421.799999999996), np.float64(38869.4), np.float64(38597.8), np.float64(38276.2), np.float64(38788.8), np.float64(38486.2), np.float64(38200.200000000004), np.float64(38630.799999999996), np.float64(38444.2), np.float64(38842.2), np.float64(38593.0), np.float64(38309.600000000006), np.float64(38745.0), np.float64(38466.600000000006), np.float64(38146.8), np.float64(38639.600000000006), np.float64(38211.99999999999), np.float64(38672.2), np.float64(38335.60000000001), np.float64(38789.600000000006), np.float64(38443.399999999994), np.float64(38079.200000000004), np.float64(38521.6), np.float64(38216.00000000001), np.float64(38630.0), np.float64(38351.00000000001), np.float64(38730.0), np.float64(38506.2), np.float64(38222.4), np.float64(38651.600000000006), np.float64(38399.0), np.float64(38162.4), np.float64(38606.0), np.float64(38389.00000000001), np.float64(38791.4), np.float64(38417.4), np.float64(38206.799999999996), np.float64(38588.0), np.float64(38244.79999999999), np.float64(38625.8), np.float64(38324.0), np.float64(38694.600000000006), np.float64(38482.2), np.float64(38215.00000000001), np.float64(38599.6), np.float64(38407.8), np.float64(38139.60000000001), np.float64(38531.40000000001), np.float64(38231.8), np.float64(38600.0), np.float64(38334.0), np.float64(38647.8), np.float64(38440.2), np.float64(38224.2), np.float64(38537.2), np.float64(38435.0), np.float64(38237.19999999999), np.float64(38608.799999999996), np.float64(38393.6), np.float64(38172.00000000001), np.float64(38549.0), np.float64(38295.6), np.float64(38630.0), np.float64(38357.2), np.float64(38140.600000000006), np.float64(38505.8), np.float64(38377.8), np.float64(38753.4), np.float64(38627.8), np.float64(38378.40000000001), np.float64(38723.2), np.float64(38534.4), np.float64(38334.399999999994), np.float64(38686.8), np.float64(38425.6), np.float64(38134.2), np.float64(38457.6), np.float64(38250.6), np.float64(38641.2), np.float64(38406.4), np.float64(38120.80000000001), np.float64(38522.399999999994), np.float64(38246.80000000001), np.float64(38726.8), np.float64(38502.200000000004), np.float64(38249.200000000004), np.float64(38689.2), np.float64(38348.599999999984), np.float64(38766.6), np.float64(38576.200000000004), np.float64(38308.600000000006), np.float64(38705.399999999994), np.float64(38436.6), np.float64(38118.20000000001), np.float64(38527.399999999994), np.float64(38268.00000000001), np.float64(38641.0), np.float64(38371.99999999999), np.float64(38760.2), np.float64(38451.399999999994), np.float64(38138.200000000004), np.float64(38544.6), np.float64(38323.399999999994), np.float64(38700.4), np.float64(38472.0), np.float64(38210.39999999999)]"
9,4.899999999999997,1,"[np.float64(27550.000000000007), np.float64(32582.600000000006), np.float64(36454.80000000001), np.float64(38321.399999999994), np.float64(39134.8), np.float64(38387.19999999998), np.float64(39272.2), np.float64(38796.6), np.float64(38237.8), np.float64(39042.2), np.float64(38451.599999999984), np.float64(39241.6), np.float64(38814.0), np.float64(38366.799999999996), np.float64(39068.2), np.float64(38677.799999999996), np.float64(39234.2), np.float64(38889.399999999994), np.float64(38478.79999999999), np.float64(39081.59999999999), np.float64(38741.399999999994), np.float64(38280.59999999998), np.float64(38966.4), np.float64(38544.19999999999), np.float64(39072.59999999999), np.float64(38607.599999999984), np.float64(39155.8), np.float64(38809.0), np.float64(38429.200000000004), np.float64(39005.2), np.float64(38607.6), np.float64(38274.6), np.float64(38937.2), np.float64(38569.19999999998), np.float64(39047.2), np.float64(38768.399999999994), np.float64(38341.6), np.float64(38907.8), np.float64(38577.600000000006), np.float64(38116.399999999994), np.float64(38720.2), np.float64(38335.19999999998), np.float64(38920.4), np.float64(38543.999999999985), np.float64(39092.2), np.float64(38808.6), np.float64(38395.39999999999), np.float64(38949.4), np.float64(38513.599999999984), np.float64(39030.6), np.float64(38761.40000000001), np.float64(38466.6), np.float64(38966.200000000004), np.float64(38648.0), np.float64(38174.59999999999), np.float64(38844.0), np.float64(38357.799999999996), np.float64(38974.2), np.float64(38554.799999999996), np.float64(38128.79999999999), np.float64(38736.4), np.float64(38387.59999999999), np.float64(38944.399999999994), np.float64(38587.6), np.float64(38136.40000000001), np.float64(38742.600000000006), np.float64(38331.79999999999), np.float64(38939.200000000004), np.float64(38594.0), np.float64(38253.6), np.float64(38850.0), np.float64(38523.599999999984), np.float64(39055.2), np.float64(38651.399999999994), np.float64(38208.59999999999), np.float64(38827.4), np.float64(38495.399999999994), np.float64(38976.0), np.float64(38670.600000000006), np.float64(38253.39999999998), np.float64(38825.0), np.float64(38400.999999999985), np.float64(38916.8), np.float64(38521.600000000006), np.float64(38146.799999999996), np.float64(38702.399999999994), np.float64(38313.79999999999), np.float64(38861.6), np.float64(38524.399999999994), np.float64(38111.999999999985), np.float64(38685.600000000006), np.float64(38323.0), np.float64(38850.8), np.float64(38522.59999999999), np.float64(38142.599999999984), np.float64(38695.0), np.float64(38249.79999999999), np.float64(38744.600000000006), np.float64(38442.39999999998), np.float64(38889.2), np.float64(38516.2), np.float64(38110.79999999998), np.float64(38616.399999999994), np.float64(38365.79999999998), np.float64(38834.6), np.float64(38521.0), np.float64(38132.39999999998), np.float64(38634.8), np.float64(38244.39999999999), np.float64(38841.600000000006), np.float64(38478.39999999999), np.float64(38938.4), np.float64(38676.0), np.float64(38323.99999999999), np.float64(38821.200000000004), np.float64(38423.59999999999), np.float64(38885.8), np.float64(38557.799999999996), np.float64(38283.8), np.float64(38754.399999999994), np.float64(38483.2), np.float64(38157.19999999999), np.float64(38655.399999999994), np.float64(38354.200000000004), np.float64(38811.200000000004), np.float64(38514.600000000006), np.float64(38192.199999999975), np.float64(38632.399999999994), np.float64(38385.999999999985), np.float64(38809.4), np.float64(38509.6), np.float64(38228.19999999998), np.float64(38652.799999999996), np.float64(38409.200000000004), np.float64(38873.8), np.float64(38609.8), np.float64(38254.99999999999), np.float64(38816.399999999994), np.float64(38392.99999999999), np.float64(38878.2), np.float64(38649.399999999994), np.float64(38259.39999999999), np.float64(38791.2), np.float64(38453.799999999996), np.float64(38945.8), np.float64(38600.2), np.float64(38184.199999999975), np.float64(38746.0), np.float64(38356.6), np.float64(38872.200000000004), np.float64(38528.600000000006), np.float64(38194.39999999999), np.float64(38723.8), np.float64(38336.8), np.float64(38815.600000000006), np.float64(38443.399999999994), np.float64(38141.6), np.float64(38626.4), np.float64(38287.79999999998), np.float64(38758.8), np.float64(38439.2), np.float64(38114.79999999999), np.float64(38602.2), np.float64(38327.99999999999), np.float64(38840.0), np.float64(38536.8), np.float64(38165.19999999998), np.float64(38668.799999999996), np.float64(38308.799999999996), np.float64(38791.799999999996), np.float64(38499.8), np.float64(38168.19999999998), np.float64(38724.399999999994), np.float64(38408.59999999998), np.float64(38860.6), np.float64(38523.2), np.float64(38172.19999999999), np.float64(38651.8), np.float64(38324.199999999975), np.float64(38803.8), np.float64(38468.2), np.float64(38153.79999999998), np.float64(38655.2), np.float64(38378.39999999999), np.float64(38772.8), np.float64(38511.399999999994), np.float64(38177.59999999998), np.float64(38656.2), np.float64(38317.799999999996), np.float64(38830.8), np.float64(38523.600000000006), np.float64(38216.79999999998), np.float64(38729.8), np.float64(38472.6), np.float64(38220.39999999999), np.float64(38665.399999999994), np.float64(38302.59999999998), np.float64(38808.8), np.float64(38422.79999999999), np.float64(38903.2), np.float64(38592.4), np.float64(38196.79999999999), np.float64(38720.4), np.float64(38246.19999999998), np.float64(38737.6), np.float64(38498.0), np.float64(38189.399999999994), np.float64(38686.399999999994), np.float64(38365.6), np.float64(38825.6), np.float64(38514.4), np.float64(38127.799999999974), np.float64(38599.4), np.float64(38348.79999999998), np.float64(38764.4), np.float64(38534.0), np.float64(38267.8), np.float64(38702.399999999994), np.float64(38360.39999999999), np.float64(38787.799999999996), np.float64(38494.0), np.float64(38143.39999999999), np.float64(38665.2), np.float64(38346.999999999985), np.float64(38800.2), np.float64(38514.0), np.float64(38275.79999999998), np.float64(38696.4), np.float64(38504.399999999994), np.float64(38281.39999999997), np.float64(38724.6), np.float64(38395.19999999999), np.float64(38869.2), np.float64(38581.399999999994), np.float64(38329.6), np.float64(38758.0), np.float64(38452.799999999996), np.float64(38116.999999999985), np.float64(38600.600000000006), np.float64(38324.00000000001), np.float64(38739.0), np.float64(38520.6), np.float64(38161.39999999998), np.float64(38637.0), np.float64(38388.399999999994), np.float64(38860.2), np.float64(38579.0), np.float64(38289.79999999999), np.float64(38787.399999999994), np.float64(38496.399999999994)]"
9,4.9999999999999964,1,"[np.float64(27700.000000000004), np.float64(32936.200000000004), np.float64(36544.20000000001), np.float64(38413.800000000025), np.float64(39241.8), np.float64(38643.800000000025), np.float64(39348.0), np.float64(38964.399999999994), np.float64(38493.800000000025), np.float64(39132.2), np.float64(38734.00000000002), np.float64(39303.2), np.float64(38990.8), np.float64(38531.800000000025), np.float64(39064.2), np.float64(38693.399999999994), np.float64(38377.20000000002), np.float64(39031.0), np.float64(38659.6), np.float64(38257.800000000025), np.float64(38932.399999999994), np.float64(38545.800000000025), np.float64(39086.399999999994), np.float64(38658.0), np.float64(38323.00000000002), np.float64(38916.600000000006), np.float64(38512.800000000025), np.float64(39081.0), np.float64(38807.6), np.float64(38395.00000000004), np.float64(38993.600000000006), np.float64(38686.8), np.float64(38258.800000000025), np.float64(38852.0), np.float64(38561.00000000002), np.float64(39144.4), np.float64(38734.0), np.float64(38323.800000000025), np.float64(38887.399999999994), np.float64(38413.800000000025), np.float64(38939.8), np.float64(38567.400000000016), np.float64(39091.8), np.float64(38773.8), np.float64(38416.40000000003), np.float64(39001.0), np.float64(38690.0), np.float64(38337.40000000003), np.float64(38965.4), np.float64(38641.2), np.float64(38191.60000000001), np.float64(38794.2), np.float64(38399.00000000002), np.float64(38952.8), np.float64(38566.799999999996), np.float64(38241.800000000025), np.float64(38794.799999999996), np.float64(38368.800000000025), np.float64(38957.399999999994), np.float64(38578.4), np.float64(38205.20000000002), np.float64(38840.8), np.float64(38458.60000000001), np.float64(39006.4), np.float64(38713.6), np.float64(38372.800000000025), np.float64(38920.8), np.float64(38552.0), np.float64(38126.60000000001), np.float64(38692.8), np.float64(38413.60000000001), np.float64(38958.4), np.float64(38564.8), np.float64(38205.00000000002), np.float64(38824.8), np.float64(38468.80000000001), np.float64(39012.0), np.float64(38635.600000000006), np.float64(38297.40000000003), np.float64(38772.4), np.float64(38461.40000000003), np.float64(39013.8), np.float64(38679.2), np.float64(38367.400000000016), np.float64(38894.8), np.float64(38531.2), np.float64(38260.400000000016), np.float64(38769.0), np.float64(38495.20000000002), np.float64(38998.0), np.float64(38705.8), np.float64(38429.20000000002), np.float64(38965.6), np.float64(38618.200000000004), np.float64(38321.40000000003), np.float64(38826.2), np.float64(38545.4), np.float64(38126.00000000002), np.float64(38759.600000000006), np.float64(38406.20000000002), np.float64(38947.399999999994), np.float64(38538.399999999994), np.float64(38154.00000000002), np.float64(38736.0), np.float64(38371.800000000025), np.float64(38849.799999999996), np.float64(38580.399999999994), np.float64(38105.00000000001), np.float64(38675.0), np.float64(38361.60000000003), np.float64(38896.4), np.float64(38602.200000000004), np.float64(38274.60000000001), np.float64(38765.6), np.float64(38480.800000000025), np.float64(38933.4), np.float64(38676.600000000006), np.float64(38314.00000000002), np.float64(38784.4), np.float64(38426.60000000001), np.float64(38848.799999999996), np.float64(38532.0), np.float64(38074.60000000003), np.float64(38550.6), np.float64(38248.20000000002), np.float64(38751.200000000004), np.float64(38400.00000000002), np.float64(38915.0), np.float64(38622.2), np.float64(38308.60000000003), np.float64(38846.799999999996), np.float64(38531.6), np.float64(38207.800000000025), np.float64(38783.600000000006), np.float64(38434.20000000002), np.float64(38902.6), np.float64(38643.8), np.float64(38233.400000000016), np.float64(38759.600000000006), np.float64(38522.0), np.float64(38106.20000000002), np.float64(38663.399999999994), np.float64(38363.800000000025), np.float64(38832.600000000006), np.float64(38540.799999999996), np.float64(38170.20000000002), np.float64(38652.6), np.float64(38338.20000000002), np.float64(38785.2), np.float64(38558.8), np.float64(38247.60000000001), np.float64(38643.399999999994), np.float64(38256.20000000002), np.float64(38723.2), np.float64(38440.0), np.float64(38072.400000000016), np.float64(38585.8), np.float64(38316.400000000016), np.float64(38768.2), np.float64(38450.0), np.float64(38179.20000000002), np.float64(38696.2), np.float64(38412.20000000002), np.float64(38880.0), np.float64(38651.399999999994), np.float64(38333.20000000002), np.float64(38834.600000000006), np.float64(38471.0), np.float64(38246.60000000001), np.float64(38715.0), np.float64(38295.20000000002), np.float64(38767.0), np.float64(38430.2), np.float64(38156.40000000003), np.float64(38741.200000000004), np.float64(38440.00000000002), np.float64(38832.600000000006), np.float64(38583.6), np.float64(38186.20000000002), np.float64(38681.0), np.float64(38378.800000000025), np.float64(38840.2), np.float64(38522.6), np.float64(38123.00000000001), np.float64(38557.2), np.float64(38310.00000000004), np.float64(38726.6), np.float64(38480.4), np.float64(38199.00000000002), np.float64(38639.399999999994), np.float64(38369.2), np.float64(38013.00000000004), np.float64(38452.0), np.float64(38188.00000000002), np.float64(38558.2), np.float64(38211.400000000016), np.float64(38620.0), np.float64(38354.60000000003), np.float64(38719.0), np.float64(38527.2), np.float64(38279.400000000016), np.float64(38632.600000000006), np.float64(38383.0), np.float64(38135.40000000003), np.float64(38525.4), np.float64(38230.40000000003), np.float64(38586.4), np.float64(38310.00000000002), np.float64(38683.399999999994), np.float64(38531.600000000006), np.float64(38304.800000000025), np.float64(38760.600000000006), np.float64(38512.6), np.float64(38260.00000000002), np.float64(38684.8), np.float64(38419.0), np.float64(38177.00000000002), np.float64(38687.2), np.float64(38459.8), np.float64(38071.800000000025), np.float64(38575.8), np.float64(38231.20000000002), np.float64(38704.0), np.float64(38456.8), np.float64(38212.20000000002), np.float64(38609.6), np.float64(38353.800000000025), np.float64(38792.0), np.float64(38509.2), np.float64(38273.20000000002), np.float64(38705.2), np.float64(38440.4), np.float64(38037.00000000001), np.float64(38547.799999999996), np.float64(38272.60000000003), np.float64(38760.2), np.float64(38520.8), np.float64(38208.20000000002), np.float64(38682.2), np.float64(38395.40000000003), np.float64(38794.4), np.float64(38567.2), np.float64(38191.400000000016), np.float64(38678.600000000006), np.float64(38433.40000000003), np.float64(38915.600000000006), np.float64(38587.600000000006), np.float64(38223.60000000001), np.float64(38674.0), np.float64(38369.800000000025)]"
